2.394 -0.973 -0.779 -0.059 -0.022 -0.027
-0.973 4.292 1.491 0.036 -0.052 -0.269
-0.779 1.492 11.985 0.362 0.042 -0.146
-0.059 0.036 0.362 0.058 0.002 -0.006
-0.022 -0.052 0.042 0.002 0.028 0.009
-0.027 -0.269 -0.146 -0.006 0.009 0.067
0.990 -0.02 3.34 3.8 -1.1 38.3

2.110228824 -0.1604265 -0.07167941 -0.05373647 0.004019412 -0.008095882
-0.160426471 3.563194 0.1458882 -0.004698235 0.003283529 -0.093192941
-0.071679412 0.1458282 9.941198 -0.006496471 -0.2089512 -0.256064706
-0.053735882 -0.004698235 -0.006496471 0.03961824 0.000687647 0.000610588
0.004019412 0.003283529 -0.2089518 0.000687647 0.02652882 0.011015882
-0.008095882 -0.09331059 -0.2561829 0.000610588 0.01101588 0.029590588
0.074117647 -0.006470588 3.014706 0.3594118 12.81471 26.794705882

2.49881 0.03261 -0.02105 -0.0509 -0.00543 -0.00088
0.03261 4.81516 3.22159 -0.00115 -0.05857 -0.24248
-0.02105 3.22159 12.95343 0.00108 0.16972 -0.17254
-0.05090 -0.00115 0.00109 0.05478 7e-05 3e-05
-0.00543 -0.05857 0.16971 7e-05 0.05128 0.01233
-0.00088 -0.24248 -0.17255 3e-05 0.01233 0.06064
0.00 -1.07 3.5 0 -2.87 31.12

2.53089 0.00475 -0.07755 -0.09052 0.00533 0.00637
0.00475 2.74529 0.2981 -0.00087 -0.00118 -0.10428
-0.07755 0.29808 9.81037 0.00656 -0.18017 -0.2211
-0.09051 -0.00087 0.00656 0.04251 -0.00031 0.00038
0.00533 -0.00118 -0.18018 -0.00031 0.02499 0.01227
0.00637 -0.10428 -0.22111 0.00038 0.01227 0.04504
-0.01 0.11 3.18 -0.09 13.15 35.21

2.49881 0.03261 -0.02105 -0.0509 -0.00543 -0.00088
0.03261 4.81516 3.22159 -0.00115 -0.05857 -0.24248
-0.02105 3.22159 12.95343 0.00108 0.16972 -0.17254
-0.05090 -0.00115 0.00109 0.05478 7e-05 3e-05
-0.00543 -0.05857 0.16971 7e-05 0.05128 0.01233
-0.00088 -0.24248 -0.17255 3e-05 0.01233 0.06064
0.00 -1.07 3.5 0 -2.87 31.12

2.53089 0.00475 -0.07755 -0.09052 0.00533 0.00637
0.00475 2.74529 0.2981 -0.00087 -0.00118 -0.10428
-0.07755 0.29808 9.81037 0.00656 -0.18017 -0.2211
-0.09051 -0.00087 0.00656 0.04251 -0.00031 0.00038
0.00533 -0.00118 -0.18018 -0.00031 0.02499 0.01227
0.00637 -0.10428 -0.22111 0.00038 0.01227 0.04504
-0.01 0.11 3.18 -0.09 13.15 35.21

2.49881 0.03261 -0.02105 -0.0509 -0.00543 -0.00088
0.03261 4.81516 3.22159 -0.00115 -0.05857 -0.24248
-0.02105 3.22159 12.95343 0.00108 0.16972 -0.17254
-0.05090 -0.00115 0.00109 0.05478 7e-05 3e-05
-0.00543 -0.05857 0.16971 7e-05 0.05128 0.01233
-0.00088 -0.24248 -0.17255 3e-05 0.01233 0.06064
0.00 -1.07 3.5 0 -2.87 31.12

2.53089 0.00475 -0.07755 -0.09052 0.00533 0.00637
0.00475 2.74529 0.2981 -0.00087 -0.00118 -0.10428
-0.07755 0.29808 9.81037 0.00656 -0.18017 -0.2211
-0.09051 -0.00087 0.00656 0.04251 -0.00031 0.00038
0.00533 -0.00118 -0.18018 -0.00031 0.02499 0.01227
0.00637 -0.10428 -0.22111 0.00038 0.01227 0.04504
-0.01 0.11 3.18 -0.09 13.15 35.21

2.49881 0.03261 -0.02105 -0.0509 -0.00543 -0.00088
0.03261 4.81516 3.22159 -0.00115 -0.05857 -0.24248
-0.02105 3.22159 12.95343 0.00108 0.16972 -0.17254
-0.05090 -0.00115 0.00109 0.05478 7e-05 3e-05
-0.00543 -0.05857 0.16971 7e-05 0.05128 0.01233
-0.00088 -0.24248 -0.17255 3e-05 0.01233 0.06064
0.00 -1.07 3.5 0 -2.87 31.12

2.53089 0.00475 -0.07755 -0.09052 0.00533 0.00637
0.00475 2.74529 0.2981 -0.00087 -0.00118 -0.10428
-0.07755 0.29808 9.81037 0.00656 -0.18017 -0.2211
-0.09051 -0.00087 0.00656 0.04251 -0.00031 0.00038
0.00533 -0.00118 -0.18018 -0.00031 0.02499 0.01227
0.00637 -0.10428 -0.22111 0.00038 0.01227 0.04504
-0.01 0.11 3.18 -0.09 13.15 35.21

2.49881 0.03261 -0.02105 -0.0509 -0.00543 -0.00088
0.03261 4.81516 3.22159 -0.00115 -0.05857 -0.24248
-0.02105 3.22159 12.95343 0.00108 0.16972 -0.17254
-0.05090 -0.00115 0.00109 0.05478 7e-05 3e-05
-0.00543 -0.05857 0.16971 7e-05 0.05128 0.01233
-0.00088 -0.24248 -0.17255 3e-05 0.01233 0.06064
0.00 -1.07 3.5 0 -2.87 31.12

2.53089 0.00475 -0.07755 -0.09052 0.00533 0.00637
0.00475 2.74529 0.2981 -0.00087 -0.00118 -0.10428
-0.07755 0.29808 9.81037 0.00656 -0.18017 -0.2211
-0.09051 -0.00087 0.00656 0.04251 -0.00031 0.00038
0.00533 -0.00118 -0.18018 -0.00031 0.02499 0.01227
0.00637 -0.10428 -0.22111 0.00038 0.01227 0.04504
-0.01 0.11 3.18 -0.09 13.15 35.21

2.49881 0.03261 -0.02105 -0.0509 -0.00543 -0.00088
0.03261 4.81516 3.22159 -0.00115 -0.05857 -0.24248
-0.02105 3.22159 12.95343 0.00108 0.16972 -0.17254
-0.05090 -0.00115 0.00109 0.05478 7e-05 3e-05
-0.00543 -0.05857 0.16971 7e-05 0.05128 0.01233
-0.00088 -0.24248 -0.17255 3e-05 0.01233 0.06064
0.00 -1.07 3.5 0 -2.87 31.12

2.53089 0.00475 -0.07755 -0.09052 0.00533 0.00637
0.00475 2.74529 0.2981 -0.00087 -0.00118 -0.10428
-0.07755 0.29808 9.81037 0.00656 -0.18017 -0.2211
-0.09051 -0.00087 0.00656 0.04251 -0.00031 0.00038
0.00533 -0.00118 -0.18018 -0.00031 0.02499 0.01227
0.00637 -0.10428 -0.22111 0.00038 0.01227 0.04504
-0.01 0.11 3.18 -0.09 13.15 35.21

2.49881 0.03261 -0.02105 -0.0509 -0.00543 -0.00088
0.03261 4.81516 3.22159 -0.00115 -0.05857 -0.24248
-0.02105 3.22159 12.95343 0.00108 0.16972 -0.17254
-0.05090 -0.00115 0.00109 0.05478 7e-05 3e-05
-0.00543 -0.05857 0.16971 7e-05 0.05128 0.01233
-0.00088 -0.24248 -0.17255 3e-05 0.01233 0.06064
0.00 -1.07 3.5 0 -2.87 31.12

2.53089 0.00475 -0.07755 -0.09052 0.00533 0.00637
0.00475 2.74529 0.2981 -0.00087 -0.00118 -0.10428
-0.07755 0.29808 9.81037 0.00656 -0.18017 -0.2211
-0.09051 -0.00087 0.00656 0.04251 -0.00031 0.00038
0.00533 -0.00118 -0.18018 -0.00031 0.02499 0.01227
0.00637 -0.10428 -0.22111 0.00038 0.01227 0.04504
-0.01 0.11 3.18 -0.09 13.15 35.21

2.49881 0.03261 -0.02105 -0.0509 -0.00543 -0.00088
0.03261 4.81516 3.22159 -0.00115 -0.05857 -0.24248
-0.02105 3.22159 12.95343 0.00108 0.16972 -0.17254
-0.05090 -0.00115 0.00109 0.05478 7e-05 3e-05
-0.00543 -0.05857 0.16971 7e-05 0.05128 0.01233
-0.00088 -0.24248 -0.17255 3e-05 0.01233 0.06064
0.00 -1.07 3.5 0 -2.87 31.12

2.53089 0.00475 -0.07755 -0.09052 0.00533 0.00637
0.00475 2.74529 0.2981 -0.00087 -0.00118 -0.10428
-0.07755 0.29808 9.81037 0.00656 -0.18017 -0.2211
-0.09051 -0.00087 0.00656 0.04251 -0.00031 0.00038
0.00533 -0.00118 -0.18018 -0.00031 0.02499 0.01227
0.00637 -0.10428 -0.22111 0.00038 0.01227 0.04504
-0.01 0.11 3.18 -0.09 13.15 35.21

2.49881 0.03261 -0.02105 -0.0509 -0.00543 -0.00088
0.03261 4.81516 3.22159 -0.00115 -0.05857 -0.24248
-0.02105 3.22159 12.95343 0.00108 0.16972 -0.17254
-0.05090 -0.00115 0.00109 0.05478 7e-05 3e-05
-0.00543 -0.05857 0.16971 7e-05 0.05128 0.01233
-0.00088 -0.24248 -0.17255 3e-05 0.01233 0.06064
0.00 -1.07 3.5 0 -2.87 31.12

2.110228824 -0.1604265 -0.07167941 -0.05373647 0.004019412 -0.008095882
-0.160426471 3.563194 0.1458882 -0.004698235 0.003283529 -0.093192941
-0.071679412 0.1458282 9.941198 -0.006496471 -0.2089512 -0.256064706
-0.053735882 -0.004698235 -0.006496471 0.03961824 0.000687647 0.000610588
0.004019412 0.003283529 -0.2089518 0.000687647 0.02652882 0.011015882
-0.008095882 -0.09331059 -0.2561829 0.000610588 0.01101588 0.029590588
0.074117647 -0.006470588 3.014706 0.3594118 12.81471 26.794705882

1.995 0.231 -0.339 -0.02 -0.007 0.017
0.231 4.557 3.415 0.011 -0.036 -0.163
-0.339 3.415 11.93 0.017 0.119 -0.183
-0.020 0.011 0.017 0.051 -0.003 0.001
-0.007 -0.036 0.119 -0.003 0.037 0.011
0.017 -0.163 -0.183 0.001 0.011 0.059
-0.590 -0.95 3.44 -0.4 -2.7 32.4

