1.506759750 -0.6138764 -0.804981 -0.104388 -0.0201605 0.017222562
-0.613876437 2.687174 1.317676 -0.01601463 -0.03372119 -0.138593188
-0.804981000 1.317676 10.92607 0.3358734 -0.01505544 -0.166015437
-0.104388000 -0.01601463 0.3358734 0.04794263 0.0039395 1.375e-06
-0.020160500 -0.03372119 -0.01505544 0.0039395 0.02312644 0.009830938
0.017222562 -0.1385932 -0.1660154 1.375e-06 0.009830938 0.0340735
0.508802813 -0.01664737 3.370462 1.722705 1.361024 37.48347825

1.166603625 -0.1159866 -0.02465525 -0.1192686 0.004394062 0.00179675
-0.115986563 3.091091 0.7215082 -0.00789175 0.00971175 -0.12107625
-0.024655250 0.7215082 8.487534 -0.004503562 -0.09346638 -0.251863312
-0.119268563 -0.00789175 -0.004503562 0.03216606 -8.6125e-05 0.00097075
0.004394062 0.00971175 -0.09346638 -8.6125e-05 0.01869006 0.006968125
0.001796750 -0.1210762 -0.2518633 0.00097075 0.006968125 0.0253025
0.108433062 0.09067569 3.154056 0.7588875 6.300232 33.342441625

1.890365812 -0.1158976 -0.02034625 -0.1253431 -0.002383 -0.001959125
-0.115897562 3.33561 2.861302 0.008998313 0.04543506 -0.104985687
-0.020346250 2.861302 11.80806 0.01619888 0.1218364 -0.228798813
-0.125343125 0.008998313 0.01619888 0.04453737 0.000705687 -0.000204563
-0.002383000 0.04543506 0.1218364 0.000705687 0.02714156 0.005901375
-0.001959125 -0.1049857 -0.2287988 -0.000204563 0.005901375 0.039038125
0.034977375 -0.4774443 3.448846 -0.2480742 -0.8207032 35.760834312

1.183116 0.163545 -0.071193 -0.11855 -0.00116 -4.4e-05
0.163545 3.360175 0.493213 0.017106 0.019836 -0.11557
-0.071193 0.493213 8.529474 0.009943 -0.079282 -0.266394
-0.11855 0.017106 0.009943 0.034074 0.00105 0.000648
-0.00116 0.019836 -0.079282 0.00105 0.019562 0.007003
-4.4e-05 -0.11557 -0.266394 0.000648 0.007003 0.023104
-0.146464 -0.074884 3.050344 -0.659327 6.457596 30.387666

1.890365812 -0.1158976 -0.02034625 -0.1253431 -0.002383 -0.001959125
-0.115897562 3.33561 2.861302 0.008998313 0.04543506 -0.104985687
-0.020346250 2.861302 11.80806 0.01619888 0.1218364 -0.228798813
-0.125343125 0.008998313 0.01619888 0.04453737 0.000705687 -0.000204563
-0.002383000 0.04543506 0.1218364 0.000705687 0.02714156 0.005901375
-0.001959125 -0.1049857 -0.2287988 -0.000204563 0.005901375 0.039038125
0.034977375 -0.4774443 3.448846 -0.2480742 -0.8207032 35.760834312

1.183116 0.163545 -0.071193 -0.11855 -0.00116 -4.4e-05
0.163545 3.360175 0.493213 0.017106 0.019836 -0.11557
-0.071193 0.493213 8.529474 0.009943 -0.079282 -0.266394
-0.11855 0.017106 0.009943 0.034074 0.00105 0.000648
-0.00116 0.019836 -0.079282 0.00105 0.019562 0.007003
-4.4e-05 -0.11557 -0.266394 0.000648 0.007003 0.023104
-0.146464 -0.074884 3.050344 -0.659327 6.457596 30.387666

1.890365812 -0.1158976 -0.02034625 -0.1253431 -0.002383 -0.001959125
-0.115897562 3.33561 2.861302 0.008998313 0.04543506 -0.104985687
-0.020346250 2.861302 11.80806 0.01619888 0.1218364 -0.228798813
-0.125343125 0.008998313 0.01619888 0.04453737 0.000705687 -0.000204563
-0.002383000 0.04543506 0.1218364 0.000705687 0.02714156 0.005901375
-0.001959125 -0.1049857 -0.2287988 -0.000204563 0.005901375 0.039038125
0.034977375 -0.4774443 3.448846 -0.2480742 -0.8207032 35.760834312

1.183116 0.163545 -0.071193 -0.11855 -0.00116 -4.4e-05
0.163545 3.360175 0.493213 0.017106 0.019836 -0.11557
-0.071193 0.493213 8.529474 0.009943 -0.079282 -0.266394
-0.11855 0.017106 0.009943 0.034074 0.00105 0.000648
-0.00116 0.019836 -0.079282 0.00105 0.019562 0.007003
-4.4e-05 -0.11557 -0.266394 0.000648 0.007003 0.023104
-0.146464 -0.074884 3.050344 -0.659327 6.457596 30.387666

1.890365812 -0.1158976 -0.02034625 -0.1253431 -0.002383 -0.001959125
-0.115897562 3.33561 2.861302 0.008998313 0.04543506 -0.104985687
-0.020346250 2.861302 11.80806 0.01619888 0.1218364 -0.228798813
-0.125343125 0.008998313 0.01619888 0.04453737 0.000705687 -0.000204563
-0.002383000 0.04543506 0.1218364 0.000705687 0.02714156 0.005901375
-0.001959125 -0.1049857 -0.2287988 -0.000204563 0.005901375 0.039038125
0.034977375 -0.4774443 3.448846 -0.2480742 -0.8207032 35.760834312

1.183116 0.163545 -0.071193 -0.11855 -0.00116 -4.4e-05
0.163545 3.360175 0.493213 0.017106 0.019836 -0.11557
-0.071193 0.493213 8.529474 0.009943 -0.079282 -0.266394
-0.11855 0.017106 0.009943 0.034074 0.00105 0.000648
-0.00116 0.019836 -0.079282 0.00105 0.019562 0.007003
-4.4e-05 -0.11557 -0.266394 0.000648 0.007003 0.023104
-0.146464 -0.074884 3.050344 -0.659327 6.457596 30.387666

1.890365812 -0.1158976 -0.02034625 -0.1253431 -0.002383 -0.001959125
-0.115897562 3.33561 2.861302 0.008998313 0.04543506 -0.104985687
-0.020346250 2.861302 11.80806 0.01619888 0.1218364 -0.228798813
-0.125343125 0.008998313 0.01619888 0.04453737 0.000705687 -0.000204563
-0.002383000 0.04543506 0.1218364 0.000705687 0.02714156 0.005901375
-0.001959125 -0.1049857 -0.2287988 -0.000204563 0.005901375 0.039038125
0.034977375 -0.4774443 3.448846 -0.2480742 -0.8207032 35.760834312

1.183116 0.163545 -0.071193 -0.11855 -0.00116 -4.4e-05
0.163545 3.360175 0.493213 0.017106 0.019836 -0.11557
-0.071193 0.493213 8.529474 0.009943 -0.079282 -0.266394
-0.11855 0.017106 0.009943 0.034074 0.00105 0.000648
-0.00116 0.019836 -0.079282 0.00105 0.019562 0.007003
-4.4e-05 -0.11557 -0.266394 0.000648 0.007003 0.023104
-0.146464 -0.074884 3.050344 -0.659327 6.457596 30.387666

1.890365812 -0.1158976 -0.02034625 -0.1253431 -0.002383 -0.001959125
-0.115897562 3.33561 2.861302 0.008998313 0.04543506 -0.104985687
-0.020346250 2.861302 11.80806 0.01619888 0.1218364 -0.228798813
-0.125343125 0.008998313 0.01619888 0.04453737 0.000705687 -0.000204563
-0.002383000 0.04543506 0.1218364 0.000705687 0.02714156 0.005901375
-0.001959125 -0.1049857 -0.2287988 -0.000204563 0.005901375 0.039038125
0.034977375 -0.4774443 3.448846 -0.2480742 -0.8207032 35.760834312

1.183116 0.163545 -0.071193 -0.11855 -0.00116 -4.4e-05
0.163545 3.360175 0.493213 0.017106 0.019836 -0.11557
-0.071193 0.493213 8.529474 0.009943 -0.079282 -0.266394
-0.11855 0.017106 0.009943 0.034074 0.00105 0.000648
-0.00116 0.019836 -0.079282 0.00105 0.019562 0.007003
-4.4e-05 -0.11557 -0.266394 0.000648 0.007003 0.023104
-0.146464 -0.074884 3.050344 -0.659327 6.457596 30.387666

1.890365812 -0.1158976 -0.02034625 -0.1253431 -0.002383 -0.001959125
-0.115897562 3.33561 2.861302 0.008998313 0.04543506 -0.104985687
-0.020346250 2.861302 11.80806 0.01619888 0.1218364 -0.228798813
-0.125343125 0.008998313 0.01619888 0.04453737 0.000705687 -0.000204563
-0.002383000 0.04543506 0.1218364 0.000705687 0.02714156 0.005901375
-0.001959125 -0.1049857 -0.2287988 -0.000204563 0.005901375 0.039038125
0.034977375 -0.4774443 3.448846 -0.2480742 -0.8207032 35.760834312

1.183116 0.163545 -0.071193 -0.11855 -0.00116 -4.4e-05
0.163545 3.360175 0.493213 0.017106 0.019836 -0.11557
-0.071193 0.493213 8.529474 0.009943 -0.079282 -0.266394
-0.11855 0.017106 0.009943 0.034074 0.00105 0.000648
-0.00116 0.019836 -0.079282 0.00105 0.019562 0.007003
-4.4e-05 -0.11557 -0.266394 0.000648 0.007003 0.023104
-0.146464 -0.074884 3.050344 -0.659327 6.457596 30.387666

1.890365812 -0.1158976 -0.02034625 -0.1253431 -0.002383 -0.001959125
-0.115897562 3.33561 2.861302 0.008998313 0.04543506 -0.104985687
-0.020346250 2.861302 11.80806 0.01619888 0.1218364 -0.228798813
-0.125343125 0.008998313 0.01619888 0.04453737 0.000705687 -0.000204563
-0.002383000 0.04543506 0.1218364 0.000705687 0.02714156 0.005901375
-0.001959125 -0.1049857 -0.2287988 -0.000204563 0.005901375 0.039038125
0.034977375 -0.4774443 3.448846 -0.2480742 -0.8207032 35.760834312

1.183116 0.163545 -0.071193 -0.11855 -0.00116 -4.4e-05
0.163545 3.360175 0.493213 0.017106 0.019836 -0.11557
-0.071193 0.493213 8.529474 0.009943 -0.079282 -0.266394
-0.11855 0.017106 0.009943 0.034074 0.00105 0.000648
-0.00116 0.019836 -0.079282 0.00105 0.019562 0.007003
-4.4e-05 -0.11557 -0.266394 0.000648 0.007003 0.023104
-0.146464 -0.074884 3.050344 -0.659327 6.457596 30.387666

1.890365812 -0.1158976 -0.02034625 -0.1253431 -0.002383 -0.001959125
-0.115897562 3.33561 2.861302 0.008998313 0.04543506 -0.104985687
-0.020346250 2.861302 11.80806 0.01619888 0.1218364 -0.228798813
-0.125343125 0.008998313 0.01619888 0.04453737 0.000705687 -0.000204563
-0.002383000 0.04543506 0.1218364 0.000705687 0.02714156 0.005901375
-0.001959125 -0.1049857 -0.2287988 -0.000204563 0.005901375 0.039038125
0.034977375 -0.4774443 3.448846 -0.2480742 -0.8207032 35.760834312

1.166603625 -0.1159866 -0.02465525 -0.1192686 0.004394062 0.00179675
-0.115986563 3.091091 0.7215082 -0.00789175 0.00971175 -0.12107625
-0.024655250 0.7215082 8.487534 -0.004503562 -0.09346638 -0.251863312
-0.119268563 -0.00789175 -0.004503562 0.03216606 -8.6125e-05 0.00097075
0.004394062 0.00971175 -0.09346638 -8.6125e-05 0.01869006 0.006968125
0.001796750 -0.1210762 -0.2518633 0.00097075 0.006968125 0.0253025
0.108433062 0.09067569 3.154056 0.7588875 6.300232 33.342441625

1.46594237 -0.09226769 -0.3039013 -0.04419619 -0.00283244 -0.03669694
-0.09226769 4.137157 3.113966 0.02051081 0.01557369 -0.108394
-0.30390125 3.113966 11.24551 -0.03936119 0.09033744 -0.19642119
-0.04419619 0.02051081 -0.03936119 0.04508794 -0.00539463 -0.00527287
-0.00283244 0.01557369 0.09033744 -0.00539463 0.027158 0.00900256
-0.03669694 -0.108394 -0.1964212 -0.00527287 0.00900256 0.04101344
-0.18016719 -0.6372154 3.337304 0.7208568 -0.9494212 32.34325438

