1.46594237 -0.09226769 -0.3039013 -0.04419619 -0.00283244 -0.03669694
-0.09226769 4.137157 3.113966 0.02051081 0.01557369 -0.108394
-0.30390125 3.113966 11.24551 -0.03936119 0.09033744 -0.19642119
-0.04419619 0.02051081 -0.03936119 0.04508794 -0.00539463 -0.00527287
-0.00283244 0.01557369 0.09033744 -0.00539463 0.027158 0.00900256
-0.03669694 -0.108394 -0.1964212 -0.00527287 0.00900256 0.04101344
-0.18016719 -0.6372154 3.337304 0.7208568 -0.9494212 32.34325438

1.909707 -0.708744 -0.520971 -0.042883 -0.013506 -0.049008
-0.708744 3.299243 1.36381 0.003453 -0.073371 -0.153736
-0.520971 1.36381 10.36097 0.296776 -0.058611 -0.202216
-0.042883 0.003453 0.296776 0.049602 -0.000413 -0.006446
-0.013506 -0.073371 -0.058611 -0.000413 0.025603 0.009677
-0.049008 -0.153736 -0.202216 -0.006446 0.009677 0.035155
0.143226 -0.417683 3.285538 2.489907 0.565438 35.052843

1.251424 -0.310629 -0.958904 -0.115371 -0.015164 -0.012825
-0.310629 2.393337 1.68791 0.006788 -0.041866 -0.121721
-0.958904 1.68791 10.59624 0.321994 -0.027999 -0.1925
-0.115371 0.006788 0.321994 0.045506 0.004071 -0.001133
-0.015164 -0.041866 -0.027999 0.004071 0.023078 0.011243
-0.012825 -0.121721 -0.1925 -0.001133 0.011243 0.028309
0.151993 -0.117864 3.365518 0.000256 2.40262 36.310368

1.159647 -0.175691 -0.503744 -0.138699 -0.048981 -0.048185
-0.175691 2.035112 1.826257 0.025303 -0.016462 -0.098673
-0.503744 1.826257 10.98572 0.347224 -0.033732 -0.218506
-0.138699 0.025303 0.347224 0.053095 0.002967 -0.001951
-0.048981 -0.016462 -0.033732 0.002967 0.020252 0.008985
-0.048185 -0.098673 -0.218506 -0.001951 0.008985 0.026916
0.311653 -0.201463 3.341706 0.484335 5.107701 32.548715

0.865535 -0.104389 0.416233 -0.061499 -0.011806 -0.020754
-0.104389 2.940564 0.631939 0.016251 0.023244 -0.119364
0.416233 0.631939 8.748596 0.00058 -0.134464 -0.246909
-0.061499 0.016251 0.00058 0.030162 -0.000741 -0.000126
-0.011806 0.023244 -0.134464 -0.000741 0.022145 0.011637
-0.020754 -0.119364 -0.246909 -0.000126 0.011637 0.025541
-0.071149 -0.040006 3.052963 1.286922 8.019848 28.802661

1.474854 0.559944 0.555068 -0.027441 -0.001583 0.06328
0.559944 2.89414 1.199766 0.009926 -0.083343 -0.14921
0.555068 1.199766 10.99377 -0.29611 -0.031797 -0.211396
-0.027441 0.009926 -0.29611 0.048646 0.001213 0.008328
-0.001583 -0.083343 -0.031797 0.001213 0.022982 0.011563
0.06328 -0.14921 -0.211396 0.008328 0.011563 0.037067
-0.475229 -0.127939 3.241263 -2.348256 0.448032 34.815446

2.117306 0.351699 0.68473 -0.053136 -0.001815 0.069369
0.351699 3.214728 1.206307 0.01537 -0.066304 -0.151065
0.68473 1.206307 9.578907 -0.273223 -0.05007 -0.182318
-0.053136 0.01537 -0.273223 0.047628 0.000226 0.006285
-0.001815 -0.066304 -0.05007 0.000226 0.02449 0.007631
0.069369 -0.151065 -0.182318 0.006285 0.007631 0.033341
-0.212685 -0.462379 3.376928 -1.37773 0.840683 35.18251

2.358219 0.78457 0.953097 -0.054158 0.026144 0.042487
0.78457 3.448153 1.181099 0.034937 -0.036495 -0.197363
0.953097 1.181099 9.857861 -0.251787 -0.056521 -0.199705
-0.054158 0.034937 -0.251787 0.047319 0.001473 0.006837
0.026144 -0.036495 -0.056521 0.001473 0.022891 0.008372
0.042487 -0.197363 -0.199705 0.006837 0.008372 0.046265
-0.353034 -0.454481 3.339392 -2.927965 0.126094 37.199615

1.846074 0.377968 0.359176 -0.064775 0.002353 0.041038
0.377968 4.275875 2.932668 -0.004263 0.057325 -0.204788
0.359176 2.932668 10.62002 0.034324 0.085022 -0.194884
-0.064775 -0.004263 0.034324 0.047611 0.005138 0.004731
0.002353 0.057325 0.085022 0.005138 0.029067 0.00405
0.041038 -0.204788 -0.194884 0.004731 0.00405 0.057027
-0.015011 -0.871538 3.503615 -1.811248 -1.08812 34.715352

1.691908 -0.777193 -0.497979 -0.052072 -0.016275 -0.076477
-0.777193 2.982049 1.734261 -0.0091 -0.037797 -0.125141
-0.497979 1.734261 9.92115 0.22121 -0.022868 -0.214472
-0.052072 -0.0091 0.22121 0.048325 -0.002398 -0.008506
-0.016275 -0.037797 -0.022868 -0.002398 0.02223 0.008849
-0.076477 -0.125141 -0.214472 -0.008506 0.008849 0.043657
0.667945 -0.347562 3.352958 3.541971 0.819766 36.881955

0.754489 0.046601 -0.321111 -0.074725 -0.010599 0.006957
0.046601 2.92932 0.586661 -0.00575 0.020293 -0.119012
-0.321111 0.586661 8.835523 -0.014345 -0.110611 -0.243232
-0.074725 -0.00575 -0.014345 0.029118 0.000363 -0.000465
-0.010599 0.020293 -0.110611 0.000363 0.019163 0.010187
0.006957 -0.119012 -0.243232 -0.000465 0.010187 0.025753
0.102175 0.046182 3.089546 0.344111 5.910221 32.301888

1.605161 0.552388 0.45238 -0.127069 0.02795 0.024083
0.552388 2.109286 1.541047 0.029467 -0.010032 -0.080027
0.45238 1.541047 11.44827 -0.33362 -0.015917 -0.183754
-0.127069 0.029467 -0.33362 0.055093 -0.002083 0.00137
0.02795 -0.010032 -0.015917 -0.002083 0.021328 0.007212
0.024083 -0.080027 -0.183754 0.00137 0.007212 0.034096
-0.63081 -0.168916 3.3828 -2.013147 3.6417 36.082652

1.91774 -0.699677 -0.062165 -0.130537 -0.011459 0.028916
-0.699677 3.430891 3.290375 -0.020536 0.026505 -0.075964
-0.062165 3.290375 11.61986 0.008443 0.10637 -0.220712
-0.130537 -0.020536 0.008443 0.043379 0.000159 0.001202
-0.011459 0.026505 0.10637 0.000159 0.027267 0.008245
0.028916 -0.075964 -0.220712 0.001202 0.008245 0.03722
0.484881 -0.530478 3.412785 1.777645 -0.075106 34.959625

0.974448 -0.261478 0.432447 -0.067588 0.005797 -0.02409
-0.261478 2.896162 0.680381 -0.015836 0.018062 -0.113011
0.432447 0.680381 8.569295 -0.026869 -0.124127 -0.238271
-0.067588 -0.015836 -0.026869 0.031191 -0.001525 6.6e-05
0.005797 0.018062 -0.124127 -0.001525 0.021289 0.011792
-0.02409 -0.113011 -0.238271 6.6e-05 0.011792 0.025284
0.089128 -0.114697 3.117503 2.13482 8.536494 30.105448

1.474854 0.559944 0.555068 -0.027441 -0.001583 0.06328
0.559944 2.89414 1.199766 0.009926 -0.083343 -0.14921
0.555068 1.199766 10.99377 -0.29611 -0.031797 -0.211396
-0.027441 0.009926 -0.29611 0.048646 0.001213 0.008328
-0.001583 -0.083343 -0.031797 0.001213 0.022982 0.011563
0.06328 -0.14921 -0.211396 0.008328 0.011563 0.037067
-0.475229 -0.127939 3.241263 -2.348256 0.448032 34.815446

2.734271 0.800158 1.052227 -0.069179 0.016369 0.048634
0.800158 4.350005 1.154519 0.042266 -0.033781 -0.275497
1.052227 1.154519 9.777669 -0.243035 -0.048757 -0.148436
-0.069179 0.042266 -0.243035 0.047745 0.000373 0.003948
0.016369 -0.033781 -0.048757 0.000373 0.026219 0.005687
0.048634 -0.275497 -0.148436 0.003948 0.005687 0.057698
-0.277929 -0.487194 3.378303 -2.428507 0.433765 37.514187

2.926562 -0.035614 0.205866 -0.01952 0.007309 0.015453
-0.035614 5.932776 3.080797 0.012509 -0.000368 -0.212242
0.205866 3.080797 11.7911 0.000175 0.053212 -0.167044
-0.01952 0.012509 0.000175 0.050429 0.000933 -5e-06
0.007309 -0.000368 0.053212 0.000933 0.037283 0.002237
0.015453 -0.212242 -0.167044 -5e-06 0.002237 0.068375
-0.043978 -0.931828 3.332846 0.22527 -2.653122 32.387266

2.038405 -1.018729 -0.676637 -0.045475 -0.018994 -0.019538
-1.018729 3.708192 1.699137 0.00707 -0.04372 -0.202045
-0.676637 1.699137 9.52198 0.258947 -0.04427 -0.181394
-0.045475 0.00707 0.258947 0.047042 -0.000675 -0.005532
-0.018994 -0.04372 -0.04427 -0.000675 0.024325 0.007675
-0.019538 -0.202045 -0.181394 -0.005532 0.007675 0.044953
0.285438 -0.453966 3.377907 2.659958 0.077602 37.006292

1.239688 -0.321521 -0.730492 -0.101003 -0.011168 -0.012682
-0.321521 2.31793 1.070979 -0.041858 -0.041559 -0.120522
-0.730492 1.070979 10.8624 0.362396 -0.030708 -0.193689
-0.101003 -0.041858 0.362396 0.048909 0.003835 -0.000362
-0.011168 -0.041559 -0.030708 0.003835 0.024505 0.011552
-0.012682 -0.120522 -0.193689 -0.000362 0.011552 0.027729
0.39167 -0.041082 3.383767 0.370873 2.311452 35.722958

1.025413 -0.065017 -0.085923 -0.101552 0.007443 0.005015
-0.065017 3.183311 0.439684 -0.002299 0.003474 -0.133591
-0.085923 0.439684 8.695131 -0.003909 -0.111144 -0.263459
-0.101552 -0.002299 -0.003909 0.029429 -0.000392 0.000482
0.007443 0.003474 -0.111144 -0.000392 0.019374 0.008195
0.005015 -0.133591 -0.263459 0.000482 0.008195 0.02438
0.004907 0.051806 3.019313 0.880674 6.886951 29.783231

1.234784 0.126032 0.619341 -0.152409 0.042249 0.042898
0.126032 1.935917 1.886878 -0.012506 0.007481 -0.095683
0.619341 1.886878 11.1149 -0.360161 -0.029632 -0.229484
-0.152409 -0.012506 -0.360161 0.054251 -0.003039 0.001832
0.042249 0.007481 -0.029632 -0.003039 0.021553 0.007276
0.042898 -0.095683 -0.229484 0.001832 0.007276 0.02845
-0.073877 -0.288244 3.445171 0.710567 4.097086 33.655445

1.771617 0.932282 0.773524 -0.10954 0.017282 -0.067366
0.932282 2.84012 1.712666 0.012704 -0.015925 -0.176516
0.773524 1.712666 10.10012 -0.29135 -0.033165 -0.165558
-0.10954 0.012704 -0.29135 0.046444 -0.003345 -9.2e-05
0.017282 -0.015925 -0.033165 -0.003345 0.023087 0.007703
-0.067366 -0.176516 -0.165558 -9.2e-05 0.007703 0.041858
-0.369086 -0.23663 3.457601 -1.409375 0.814462 39.186075

2.32982 -0.007615 0.041972 -0.020633 0.003591 -0.013556
-0.007615 5.592174 3.080103 0.014538 -0.083008 -0.130388
0.041972 3.080103 11.13483 -0.000281 0.039785 -0.173128
-0.020633 0.014538 -0.000281 0.047547 0.000528 3e-06
0.003591 -0.083008 0.039785 0.000528 0.033371 0.013506
-0.013556 -0.130388 -0.173128 3e-06 0.013506 0.053419
-0.053723 -0.814465 3.283662 -0.394762 -1.931474 31.312837

1.506307 -0.764061 -0.526074 -0.093958 -0.01762 0.028714
-0.764061 2.788497 1.165633 -0.045688 -0.041248 -0.141586
-0.526074 1.165633 11.04404 0.352553 -0.01745 -0.129088
-0.093958 -0.045688 0.352553 0.05003 0.003767 0.004476
-0.01762 -0.041248 -0.01745 0.003767 0.021959 0.008971
0.028714 -0.141586 -0.129088 0.004476 0.008971 0.036682
0.563629 -0.04088 3.423156 1.746306 0.742649 38.716136

1.141663 -0.374192 -0.07596 -0.118333 0.010309 0.018362
-0.374192 2.55934 1.222797 -0.008106 0.004425 -0.10729
-0.07596 1.222797 7.360676 -0.011097 -0.090472 -0.235062
-0.118333 -0.008106 -0.011097 0.030363 -0.000681 -0.000606
0.010309 0.004425 -0.090472 -0.000681 0.01681 0.006322
0.018362 -0.10729 -0.235062 -0.000606 0.006322 0.025889
0.432038 0.143491 3.303606 3.258075 6.717238 35.840869

2.144427 0.185219 -0.389237 -0.070343 0.001202 -0.069597
0.185219 4.157579 3.242462 0.048093 -0.001658 -0.118126
-0.389237 3.242462 11.07468 -0.041392 0.066198 -0.222423
-0.070343 0.048093 -0.041392 0.046773 -0.005352 -0.007627
0.001202 -0.001658 0.066198 -0.005352 0.030033 0.010388
-0.069597 -0.118126 -0.222423 -0.007627 0.010388 0.04496
-0.32794 -0.77845 3.432803 0.222217 -1.036417 32.852514

1.909707 -0.708744 -0.520971 -0.042883 -0.013506 -0.049008
-0.708744 3.299243 1.36381 0.003453 -0.073371 -0.153736
-0.520971 1.36381 10.36097 0.296776 -0.058611 -0.202216
-0.042883 0.003453 0.296776 0.049602 -0.000413 -0.006446
-0.013506 -0.073371 -0.058611 -0.000413 0.025603 0.009677
-0.049008 -0.153736 -0.202216 -0.006446 0.009677 0.035155
0.143226 -0.417683 3.285538 2.489907 0.565438 35.052843

1.302256 -0.459748 -0.800588 -0.101955 -0.022299 -0.010753
-0.459748 2.663842 1.361032 -0.007588 -0.045993 -0.126513
-0.800588 1.361032 10.71921 0.342037 -0.022942 -0.180671
-0.101955 -0.007588 0.342037 0.047685 0.003814 -0.002121
-0.022299 -0.045993 -0.022942 0.003814 0.023096 0.01144
-0.010753 -0.126513 -0.180671 -0.002121 0.01144 0.02863
0.683621 0.060352 3.33026 1.715343 2.695614 34.847123

0.822126 -0.114676 0.391894 -0.065662 0.006616 8.2e-05
-0.114676 2.821435 0.592351 0.008552 0.011657 -0.114217
0.391894 0.592351 8.737329 -0.001961 -0.146596 -0.248084
-0.065662 0.008552 -0.001961 0.028821 -0.001397 0.000794
0.006616 0.011657 -0.146596 -0.001397 0.020582 0.011241
8.2e-05 -0.114217 -0.248084 0.000794 0.011241 0.023469
-0.295654 0.070491 3.067346 -0.226443 8.418389 29.104873

1.474854 0.559944 0.555068 -0.027441 -0.001583 0.06328
0.559944 2.89414 1.199766 0.009926 -0.083343 -0.14921
0.555068 1.199766 10.99377 -0.29611 -0.031797 -0.211396
-0.027441 0.009926 -0.29611 0.048646 0.001213 0.008328
-0.001583 -0.083343 -0.031797 0.001213 0.022982 0.011563
0.06328 -0.14921 -0.211396 0.008328 0.011563 0.037067
-0.475229 -0.127939 3.241263 -2.348256 0.448032 34.815446

1.513 0.391067 0.702359 -0.050174 0.008906 0.045811
0.391067 2.971861 1.239627 -0.037957 -0.061639 -0.114754
0.702359 1.239627 10.71612 -0.302196 -0.027654 -0.185078
-0.050174 -0.037957 -0.302196 0.049741 -0.001477 0.008632
0.008906 -0.061639 -0.027654 -0.001477 0.022675 0.010515
0.045811 -0.114754 -0.185078 0.008632 0.010515 0.032779
-0.07464 -0.341554 3.259422 -2.817979 -0.050423 35.511733

2.167082 0.509839 0.667739 -0.090681 0.041066 0.092274
0.509839 3.052219 1.596571 0.014688 -0.050282 -0.124544
0.667739 1.596571 8.998698 -0.200185 -0.056094 -0.168315
-0.090681 0.014688 -0.200185 0.048477 0.003729 0.006934
0.041066 -0.050282 -0.056094 0.003729 0.023438 0.006657
0.092274 -0.124544 -0.168315 0.006934 0.006657 0.040134
-0.359405 -0.692095 3.455736 -3.272998 2.951625 35.88483

2.602986 -0.218686 -0.088367 -0.131392 -0.006177 0.008893
-0.218686 3.505133 3.083566 0.021786 0.025548 -0.1241
-0.088367 3.083566 11.94911 0.013727 0.108321 -0.223139
-0.131392 0.021786 0.013727 0.04414 0.00108 -0.001934
-0.006177 0.025548 0.108321 0.00108 0.029934 0.007386
0.008893 -0.1241 -0.223139 -0.001934 0.007386 0.044539
0.077628 -0.801502 3.560538 -0.855706 -0.95298 37.590527

2.210901 -0.236266 -0.676332 -0.144478 -0.016978 -0.041386
-0.236266 1.938623 1.753556 -0.023743 -0.014222 -0.097089
-0.676332 1.753556 9.519792 0.254073 -0.017234 -0.151785
-0.144478 -0.023743 0.254073 0.049903 0.001456 0.002318
-0.016978 -0.014222 -0.017234 0.001456 0.023358 0.007498
-0.041386 -0.097089 -0.151785 0.002318 0.007498 0.035841
0.1943 -0.921806 3.637811 -1.04847 3.351914 37.612568

1.412233 -0.585321 -0.306653 -0.039511 -0.024639 -0.064212
-0.585321 2.637916 1.799834 0.016875 -0.051769 -0.117259
-0.306653 1.799834 10.55692 0.253254 -0.005227 -0.215041
-0.039511 0.016875 0.253254 0.046737 0.000375 -0.006873
-0.024639 -0.051769 -0.005227 0.000375 0.02152 0.005718
-0.064212 -0.117259 -0.215041 -0.006873 0.005718 0.027361
0.321571 -0.358392 3.190677 2.895062 1.234853 31.858564

0.754489 0.046601 -0.321111 -0.074725 -0.010599 0.006957
0.046601 2.92932 0.586661 -0.00575 0.020293 -0.119012
-0.321111 0.586661 8.835523 -0.014345 -0.110611 -0.243232
-0.074725 -0.00575 -0.014345 0.029118 0.000363 -0.000465
-0.010599 0.020293 -0.110611 0.000363 0.019163 0.010187
0.006957 -0.119012 -0.243232 -0.000465 0.010187 0.025753
0.102175 0.046182 3.089546 0.344111 5.910221 32.301888

1.111632 0.144876 0.517381 -0.130153 0.031397 0.025164
0.144876 2.271178 1.432526 0.009212 -0.00296 -0.114764
0.517381 1.432526 11.67484 -0.351703 -0.001461 -0.221735
-0.130153 0.009212 -0.351703 0.053651 -0.003247 0.002999
0.031397 -0.00296 -0.001461 -0.003247 0.019177 0.004982
0.025164 -0.114764 -0.221735 0.002999 0.004982 0.028877
-0.413743 -0.093225 3.311314 -1.159731 2.356667 34.742765

1.438154 0.283707 0.632073 -0.141363 0.034572 0.036141
0.283707 1.758235 2.084095 -0.030226 -0.006358 -0.094526
0.632073 2.084095 10.21232 -0.307334 -0.006436 -0.216028
-0.141363 -0.030226 -0.307334 0.050724 -0.004399 0.000444
0.034572 -0.006358 -0.006436 -0.004399 0.022471 0.007956
0.036141 -0.094526 -0.216028 0.000444 0.007956 0.032333
-0.127978 -0.589082 3.458181 0.062185 3.958429 34.928175

1.734033 0.250051 0.598872 -0.142326 0.040124 0.024774
0.250051 2.044163 2.042628 -0.010869 0.007118 -0.116181
0.598872 2.042628 9.31484 -0.261132 -0.01029 -0.167825
-0.142326 -0.010869 -0.261132 0.049705 -0.002816 -0.001323
0.040124 0.007118 -0.01029 -0.002816 0.023031 0.006719
0.024774 -0.116181 -0.167825 -0.001323 0.006719 0.036463
0.011089 -0.924906 3.648918 0.340374 3.483523 36.964424

1.894196 -0.183901 -0.441292 -0.055936 -0.008123 -0.042179
-0.183901 4.344584 3.321592 0.027917 -0.013204 -0.099841
-0.441292 3.321592 10.82972 -0.015655 0.059036 -0.19387
-0.055936 0.027917 -0.015655 0.045577 -0.005941 -0.004896
-0.008123 -0.013204 0.059036 -0.005941 0.029321 0.010529
-0.042179 -0.099841 -0.19387 -0.004896 0.010529 0.042788
-0.222659 -0.772535 3.408739 0.949214 -0.684422 33.270221

1.839274 -0.805865 -1.126469 -0.116285 -0.027586 0.023393
-0.805865 2.653493 1.192417 -0.013764 -0.01536 -0.155133
-1.126469 1.192417 11.04198 0.344289 -0.002043 -0.170785
-0.116285 -0.013764 0.344289 0.049986 0.004677 -0.000585
-0.027586 -0.01536 -0.002043 0.004677 0.024787 0.008254
0.023393 -0.155133 -0.170785 -0.000585 0.008254 0.0366
0.359791 -0.168198 3.423416 0.684681 0.632203 39.028878

1.062526 -0.093752 -0.133574 -0.036318 -0.015296 -0.085592
-0.093752 2.41649 1.706543 0.001686 -0.057758 -0.098469
-0.133574 1.706543 10.31587 0.276757 -0.078374 -0.225678
-0.036318 0.001686 0.276757 0.049319 -0.004409 -0.008296
-0.015296 -0.057758 -0.078374 -0.004409 0.021144 0.010402
-0.085592 -0.098469 -0.225678 -0.008296 0.010402 0.035922
0.130175 -0.36203 3.275719 1.659618 2.730397 32.183838

0.478104 0.137692 -0.305135 -0.051965 0.01115 -0.009884
0.137692 2.482549 1.014256 0.014126 0.022555 -0.128878
-0.305135 1.014256 8.015801 0.02186 -0.088825 -0.228401
-0.051965 0.014126 0.02186 0.027484 0.000388 -3.8e-05
0.01115 0.022555 -0.088825 0.000388 0.017158 0.011605
-0.009884 -0.128878 -0.228401 -3.8e-05 0.011605 0.031354
-0.123658 0.145858 3.281603 -0.913369 4.160121 36.922924

1.317711 -0.086255 0.107269 0.009796 0.011325 -0.006497
-0.086255 4.548483 2.84771 7e-06 -0.060001 -0.090733
0.107269 2.84771 10.92023 0.006907 0.04779 -0.174731
0.009796 7e-06 0.006907 0.044227 -5.1e-05 0.000916
0.011325 -0.060001 0.04779 -5.1e-05 0.027945 0.013315
-0.006497 -0.090733 -0.174731 0.000916 0.013315 0.0393
-0.108806 -0.741346 3.214486 -0.120287 -0.511749 29.625122

0.477293 -0.063154 -0.012767 -0.04849 0.001336 0.00916
-0.063154 2.275927 0.971856 -0.003037 0.030784 -0.104929
-0.012767 0.971856 7.647149 0.007612 -0.083815 -0.21807
-0.04849 -0.003037 0.007612 0.026083 0.000285 0.000679
0.001336 0.030784 -0.083815 0.000285 0.015873 0.010215
0.00916 -0.104929 -0.21807 0.000679 0.010215 0.029533
0.105986 0.043809 3.287419 -0.069076 4.000288 37.697614

0.966053 0.257577 0.356317 -0.037041 0.008918 0.030856
0.257577 4.043463 3.053759 -0.007866 0.008247 -0.086248
0.356317 3.053759 10.88802 0.071578 0.077755 -0.216838
-0.037041 -0.007866 0.071578 0.041686 0.004224 0.005703
0.008918 0.008247 0.077755 0.004224 0.024145 0.009112
0.030856 -0.086248 -0.216838 0.005703 0.009112 0.031174
-0.053767 -0.496294 3.280629 -0.936988 -0.426465 30.563469

1.141663 -0.374192 -0.07596 -0.118333 0.010309 0.018362
-0.374192 2.55934 1.222797 -0.008106 0.004425 -0.10729
-0.07596 1.222797 7.360676 -0.011097 -0.090472 -0.235062
-0.118333 -0.008106 -0.011097 0.030363 -0.000681 -0.000606
0.010309 0.004425 -0.090472 -0.000681 0.01681 0.006322
0.018362 -0.10729 -0.235062 -0.000606 0.006322 0.025889
0.432038 0.143491 3.303606 3.258075 6.717238 35.840869

1.77202 0.899342 0.563924 -0.092975 0.028225 -0.065615
0.899342 2.35598 1.299793 0.024748 -0.034262 -0.118877
0.563924 1.299793 10.1852 -0.306599 -0.028891 -0.157874
-0.092975 0.024748 -0.306599 0.045928 -0.002242 -6.7e-05
0.028225 -0.034262 -0.028891 -0.002242 0.02406 0.012452
-0.065615 -0.118877 -0.157874 -6.7e-05 0.012452 0.039991
-0.697961 0.020877 3.400846 -2.86519 1.883021 38.003182

2.32982 -0.007615 0.041972 -0.020633 0.003591 -0.013556
-0.007615 5.592174 3.080103 0.014538 -0.083008 -0.130388
0.041972 3.080103 11.13483 -0.000281 0.039785 -0.173128
-0.020633 0.014538 -0.000281 0.047547 0.000528 3e-06
0.003591 -0.083008 0.039785 0.000528 0.033371 0.013506
-0.013556 -0.130388 -0.173128 3e-06 0.013506 0.053419
-0.053723 -0.814465 3.283662 -0.394762 -1.931474 31.312837

1.506307 -0.764061 -0.526074 -0.093958 -0.01762 0.028714
-0.764061 2.788497 1.165633 -0.045688 -0.041248 -0.141586
-0.526074 1.165633 11.04404 0.352553 -0.01745 -0.129088
-0.093958 -0.045688 0.352553 0.05003 0.003767 0.004476
-0.01762 -0.041248 -0.01745 0.003767 0.021959 0.008971
0.028714 -0.141586 -0.129088 0.004476 0.008971 0.036682
0.563629 -0.04088 3.423156 1.746306 0.742649 38.716136

1.346052 -0.237728 -0.068066 -0.108328 0.002476 -0.031855
-0.237728 3.504806 0.408162 -0.002463 0.003402 -0.139026
-0.068066 0.408162 9.169186 0.000911 -0.123914 -0.299208
-0.108328 -0.002463 0.000911 0.033449 0.000198 0.000564
0.002476 0.003402 -0.123914 0.000198 0.020665 0.008824
-0.031855 -0.139026 -0.299208 0.000564 0.008824 0.02778
0.399606 0.071053 3.031132 2.792024 6.902946 29.527766

1.220702 0.101164 0.192037 -0.12183 0.010586 0.000637
0.101164 3.768827 2.6595 -0.003663 0.079654 -0.139505
0.192037 2.6595 11.64973 -0.030736 0.146395 -0.255516
-0.12183 -0.003663 -0.030736 0.044692 0.000308 -0.000745
0.010586 0.079654 0.146395 0.000308 0.024426 0.003621
0.000637 -0.139505 -0.255516 -0.000745 0.003621 0.033613
0.080236 -0.168642 3.402913 0.317017 -2.101165 35.439053

0.751341 0.085637 0.467875 -0.073736 0.011747 -0.014493
0.085637 2.600499 0.741165 -0.024859 0.014155 -0.113255
0.467875 0.741165 8.409339 0.001493 -0.08345 -0.219493
-0.073736 -0.024859 0.001493 0.028851 -0.002548 0.000182
0.011747 0.014155 -0.08345 -0.002548 0.017852 0.008392
-0.014493 -0.113255 -0.219493 0.000182 0.008392 0.022862
-0.099544 -0.013392 3.169861 -0.165778 5.428023 34.372371

1.082378 0.154446 0.328754 -0.042621 0.027992 0.051258
0.154446 2.373802 1.875169 -0.030993 -0.057954 -0.091272
0.328754 1.875169 10.76792 -0.27351 -0.081497 -0.271322
-0.042621 -0.030993 -0.27351 0.046307 0.004324 0.011019
0.027992 -0.057954 -0.081497 0.004324 0.022247 0.009522
0.051258 -0.091272 -0.271322 0.011019 0.009522 0.02798
-0.230133 -0.249219 3.204516 -1.798062 3.442832 30.825371

1.960108 0.835021 0.87218 -0.103211 0.027132 -0.04604
0.835021 2.6689 1.593898 0.006836 -0.003773 -0.192025
0.87218 1.593898 10.28499 -0.314487 -0.01758 -0.144886
-0.103211 0.006836 -0.314487 0.047166 -0.004288 -0.000764
0.027132 -0.003773 -0.01758 -0.004288 0.022668 0.008223
-0.04604 -0.192025 -0.144886 -0.000764 0.008223 0.045083
-0.359781 -0.329991 3.521816 -0.51355 0.881602 39.715854

1.789557 -0.188962 -0.145092 -0.012161 0.000395 -0.03054
-0.188962 5.012421 3.090352 -0.004864 -0.055716 -0.089374
-0.145092 3.090352 11.0763 -0.027133 0.045374 -0.162786
-0.012161 -0.004864 -0.027133 0.046485 -7.2e-05 -0.000785
0.000395 -0.055716 0.045374 -7.2e-05 0.028953 0.011528
-0.03054 -0.089374 -0.162786 -0.000785 0.011528 0.04438
0.143513 -0.777086 3.283372 0.380148 -1.751328 30.792638

0.727238 -0.186305 -0.157479 -0.076027 -0.005195 0.044498
-0.186305 2.804963 0.881752 -0.012442 0.016528 -0.129081
-0.157479 0.881752 8.161792 -0.031521 -0.077217 -0.217906
-0.076027 -0.012442 -0.031521 0.028689 0.000654 -0.000661
-0.005195 0.016528 -0.077217 0.000654 0.016289 0.00756
0.044498 -0.129081 -0.217906 -0.000661 0.00756 0.029592
0.323332 0.103877 3.212748 1.505651 4.897859 36.567871

1.159647 0.175691 0.503744 -0.138699 0.048981 0.048185
0.175691 2.035112 1.826257 -0.025303 -0.016462 -0.098673
0.503744 1.826257 10.98572 -0.347224 -0.033732 -0.218506
-0.138699 -0.025303 -0.347224 0.053095 -0.002967 0.001951
0.048981 -0.016462 -0.033732 -0.002967 0.020252 0.008985
0.048185 -0.098673 -0.218506 0.001951 0.008985 0.026916
-0.311653 -0.201463 3.341706 -0.484335 5.107701 32.548715

1.771617 0.932282 0.773524 -0.10954 0.017282 -0.067366
0.932282 2.84012 1.712666 0.012704 -0.015925 -0.176516
0.773524 1.712666 10.10012 -0.29135 -0.033165 -0.165558
-0.10954 0.012704 -0.29135 0.046444 -0.003345 -9.2e-05
0.017282 -0.015925 -0.033165 -0.003345 0.023087 0.007703
-0.067366 -0.176516 -0.165558 -9.2e-05 0.007703 0.041858
-0.369086 -0.23663 3.457601 -1.409375 0.814462 39.186075

1.789557 -0.188962 -0.145092 -0.012161 0.000395 -0.03054
-0.188962 5.012421 3.090352 -0.004864 -0.055716 -0.089374
-0.145092 3.090352 11.0763 -0.027133 0.045374 -0.162786
-0.012161 -0.004864 -0.027133 0.046485 -7.2e-05 -0.000785
0.000395 -0.055716 0.045374 -7.2e-05 0.028953 0.011528
-0.03054 -0.089374 -0.162786 -0.000785 0.011528 0.04438
0.143513 -0.777086 3.283372 0.380148 -1.751328 30.792638

0.777421 -0.205238 -0.10995 -0.079482 0.003257 0.039372
-0.205238 2.556767 0.982843 -0.006207 0.011373 -0.111159
-0.10995 0.982843 7.67298 -0.051093 -0.083305 -0.20519
-0.079482 -0.006207 -0.051093 0.028302 0.000711 -0.001234
0.003257 0.011373 -0.083305 0.000711 0.015806 0.007892
0.039372 -0.111159 -0.20519 -0.001234 0.007892 0.027249
0.620779 0.060229 3.256517 2.73685 6.740716 34.906689

1.65064 0.781767 0.422729 -0.07642 0.014187 -0.066466
0.781767 2.644128 1.279871 0.03171 -0.036482 -0.126285
0.422729 1.279871 10.89912 -0.330539 -0.020762 -0.138755
-0.07642 0.03171 -0.330539 0.046831 -0.002534 -0.001744
0.014187 -0.036482 -0.020762 -0.002534 0.021578 0.009914
-0.066466 -0.126285 -0.138755 -0.001744 0.009914 0.038694
-0.70922 0.077615 3.356004 -2.980521 1.065075 38.23973

1.789557 -0.188962 -0.145092 -0.012161 0.000395 -0.03054
-0.188962 5.012421 3.090352 -0.004864 -0.055716 -0.089374
-0.145092 3.090352 11.0763 -0.027133 0.045374 -0.162786
-0.012161 -0.004864 -0.027133 0.046485 -7.2e-05 -0.000785
0.000395 -0.055716 0.045374 -7.2e-05 0.028953 0.011528
-0.03054 -0.089374 -0.162786 -0.000785 0.011528 0.04438
0.143513 -0.777086 3.283372 0.380148 -1.751328 30.792638

0.993224 -0.220116 -0.279107 -0.091593 0.015339 0.050487
-0.220116 2.36005 1.099886 -0.001735 0.020277 -0.079478
-0.279107 1.099886 7.05705 -0.032716 -0.066107 -0.206916
-0.091593 -0.001735 -0.032716 0.029369 0.002135 -0.000375
0.015339 0.020277 -0.066107 0.002135 0.017299 0.008852
0.050487 -0.079478 -0.206916 -0.000375 0.008852 0.026874
0.503934 -0.229231 3.356855 0.407099 7.119676 35.811125

2.003397 0.757995 -0.188525 -0.120613 0.009958 -0.067807
0.757995 3.332027 2.748075 0.025296 0.050879 -0.105897
-0.188525 2.748075 11.55785 -0.016398 0.107027 -0.222572
-0.120613 0.025296 -0.016398 0.04595 -0.000123 -0.002756
0.009958 0.050879 0.107027 -0.000123 0.024987 0.005455
-0.067807 -0.105897 -0.222572 -0.002756 0.005455 0.042315
-0.588517 -0.386602 3.422307 -2.681344 -0.280447 35.277501

1.697807 -0.548273 -0.354325 -0.052434 -0.024388 -0.074925
-0.548273 2.670302 1.857704 0.002038 -0.050752 -0.101513
-0.354325 1.857704 10.62176 0.251755 -0.046983 -0.267889
-0.052434 0.002038 0.251755 0.049217 -0.002055 -0.010234
-0.024388 -0.050752 -0.046983 -0.002055 0.024128 0.008011
-0.074925 -0.101513 -0.267889 -0.010234 0.008011 0.030887
0.406372 -0.39196 3.243138 2.877217 2.012542 32.67704

0.751341 -0.085637 -0.467875 -0.073736 -0.011747 0.014493
-0.085637 2.600499 0.741165 0.024859 0.014155 -0.113255
-0.467875 0.741165 8.409339 -0.001493 -0.08345 -0.219493
-0.073736 0.024859 -0.001493 0.028851 0.002548 -0.000182
-0.011747 0.014155 -0.08345 0.002548 0.017852 0.008392
0.014493 -0.113255 -0.219493 -0.000182 0.008392 0.022862
0.099544 -0.013392 3.169861 0.165778 5.428023 34.372371

1.270879 0.132252 0.029472 -0.125345 -0.004949 -0.026694
0.132252 3.521217 2.802306 0.001054 0.062394 -0.123448
0.029472 2.802306 11.51514 0.005633 0.133097 -0.238403
-0.125345 0.001054 0.005633 0.043591 0.000519 0.001083
-0.004949 0.062394 0.133097 0.000519 0.02465 0.004851
-0.026694 -0.123448 -0.238403 0.001083 0.004851 0.032719
-0.3422 -0.271476 3.362244 -1.19514 -1.012673 33.938742

0.974448 -0.261478 0.432447 -0.067588 0.005797 -0.02409
-0.261478 2.896162 0.680381 -0.015836 0.018062 -0.113011
0.432447 0.680381 8.569295 -0.026869 -0.124127 -0.238271
-0.067588 -0.015836 -0.026869 0.031191 -0.001525 6.6e-05
0.005797 0.018062 -0.124127 -0.001525 0.021289 0.011792
-0.02409 -0.113011 -0.238271 6.6e-05 0.011792 0.025284
0.089128 -0.114697 3.117503 2.13482 8.536494 30.105448

1.620836 0.960542 0.590124 -0.032272 0.012007 0.038066
0.960542 3.496414 1.021198 0.005524 -0.083576 -0.164871
0.590124 1.021198 11.5546 -0.282745 -0.00367 -0.189937
-0.032272 0.005524 -0.282745 0.049975 -0.000525 0.006725
0.012007 -0.083576 -0.00367 -0.000525 0.0229 0.010931
0.038066 -0.164871 -0.189937 0.006725 0.010931 0.034883
-0.539581 -0.096692 3.184695 -3.287396 -0.013096 34.92234

2.144427 -0.185219 0.389237 -0.070343 -0.001202 0.069597
-0.185219 4.157579 3.242462 -0.048093 -0.001658 -0.118126
0.389237 3.242462 11.07468 0.041392 0.066198 -0.222423
-0.070343 -0.048093 0.041392 0.046773 0.005352 0.007627
-0.001202 -0.001658 0.066198 0.005352 0.030033 0.010388
0.069597 -0.118126 -0.222423 0.007627 0.010388 0.04496
0.32794 -0.77845 3.432803 -0.222217 -1.036417 32.852514

1.538892 -0.110967 -0.033469 -0.154812 0.017874 0.029224
-0.110967 2.800147 1.609059 0.008002 0.025611 -0.107749
-0.033469 1.609059 7.275272 0.005462 -0.074389 -0.187531
-0.154812 0.008002 0.005462 0.034996 -0.000238 5.7e-05
0.017874 0.025611 -0.074389 -0.000238 0.015988 0.002303
0.029224 -0.107749 -0.187531 5.7e-05 0.002303 0.02983
0.3329 0.013749 3.492335 1.302506 5.920507 40.758305

1.205347 -0.061271 -0.476858 -0.042574 0.000983 -0.014977
-0.061271 4.121799 3.078195 0.016851 0.017208 -0.093311
-0.476858 3.078195 11.84221 -0.052276 0.103448 -0.209195
-0.042574 0.016851 -0.052276 0.044306 -0.005067 -0.005253
0.000983 0.017208 0.103448 -0.005067 0.027584 0.01253
-0.014977 -0.093311 -0.209195 -0.005253 0.01253 0.034907
-0.384983 -0.465967 3.203383 -0.19474 0.182992 29.312649

1.007281 -0.086265 -0.21158 -0.06977 -0.001098 -0.013582
-0.086265 3.111761 0.639692 -0.003503 0.02588 -0.127846
-0.21158 0.639692 8.650979 -0.053302 -0.119339 -0.232036
-0.06977 -0.003503 -0.053302 0.030621 0.000671 -0.003953
-0.001098 0.02588 -0.119339 0.000671 0.018218 0.009638
-0.013582 -0.127846 -0.232036 -0.003953 0.009638 0.032568
1.017116 0.102919 3.223445 4.173746 7.229064 33.553819

1.243788 0.506419 0.73176 -0.096568 -0.003849 0.002276
0.506419 2.861202 0.988196 0.023271 -0.044913 -0.133355
0.73176 0.988196 11.60835 -0.36114 0.00632 -0.156089
-0.096568 0.023271 -0.36114 0.050137 -0.004742 -0.000279
-0.003849 -0.044913 0.00632 -0.004742 0.023246 0.009958
0.002276 -0.133355 -0.156089 -0.000279 0.009958 0.029549
-0.600763 0.052628 3.293489 -2.57918 1.011011 35.743752

1.191496 0.149825 0.187492 -0.045862 0.049689 0.048441
0.149825 2.176153 1.743917 -0.019838 -0.056372 -0.074026
0.187492 1.743917 9.518296 -0.221886 -0.060117 -0.244415
-0.045862 -0.019838 -0.221886 0.044924 0.002393 0.00848
0.049689 -0.056372 -0.060117 0.002393 0.023238 0.008647
0.048441 -0.074026 -0.244415 0.00848 0.008647 0.026545
-0.146312 -0.477969 3.243252 -2.299623 3.550786 31.690926

2.210901 0.236266 0.676332 -0.144478 0.016978 0.041386
0.236266 1.938623 1.753556 0.023743 -0.014222 -0.097089
0.676332 1.753556 9.519792 -0.254073 -0.017234 -0.151785
-0.144478 0.023743 -0.254073 0.049903 -0.001456 -0.002318
0.016978 -0.014222 -0.017234 -0.001456 0.023358 0.007498
0.041386 -0.097089 -0.151785 -0.002318 0.007498 0.035841
-0.1943 -0.921806 3.637811 1.04847 3.351914 37.612568

2.050303 -0.533373 0.007404 -0.127583 -0.012418 0.024166
-0.533373 3.206353 2.887602 0.028455 0.050156 -0.070929
0.007404 2.887602 12.0927 0.067821 0.134969 -0.226259
-0.127583 0.028455 0.067821 0.044769 0.001981 0.001426
-0.012418 0.050156 0.134969 0.001981 0.028798 0.005943
0.024166 -0.070929 -0.226259 0.001426 0.005943 0.038318
0.340611 -0.372519 3.406834 -0.046884 -0.489994 35.975846

1.346052 -0.237728 -0.068066 -0.108328 0.002476 -0.031855
-0.237728 3.504806 0.408162 -0.002463 0.003402 -0.139026
-0.068066 0.408162 9.169186 0.000911 -0.123914 -0.299208
-0.108328 -0.002463 0.000911 0.033449 0.000198 0.000564
0.002476 0.003402 -0.123914 0.000198 0.020665 0.008824
-0.031855 -0.139026 -0.299208 0.000564 0.008824 0.02778
0.399606 0.071053 3.031132 2.792024 6.902946 29.527766

1.77202 0.899342 0.563924 -0.092975 0.028225 -0.065615
0.899342 2.35598 1.299793 0.024748 -0.034262 -0.118877
0.563924 1.299793 10.1852 -0.306599 -0.028891 -0.157874
-0.092975 0.024748 -0.306599 0.045928 -0.002242 -6.7e-05
0.028225 -0.034262 -0.028891 -0.002242 0.02406 0.012452
-0.065615 -0.118877 -0.157874 -6.7e-05 0.012452 0.039991
-0.697961 0.020877 3.400846 -2.86519 1.883021 38.003182

2.32982 -0.007615 0.041972 -0.020633 0.003591 -0.013556
-0.007615 5.592174 3.080103 0.014538 -0.083008 -0.130388
0.041972 3.080103 11.13483 -0.000281 0.039785 -0.173128
-0.020633 0.014538 -0.000281 0.047547 0.000528 3e-06
0.003591 -0.083008 0.039785 0.000528 0.033371 0.013506
-0.013556 -0.130388 -0.173128 3e-06 0.013506 0.053419
-0.053723 -0.814465 3.283662 -0.394762 -1.931474 31.312837

1.771617 -0.932282 -0.773524 -0.10954 -0.017282 0.067366
-0.932282 2.84012 1.712666 -0.012704 -0.015925 -0.176516
-0.773524 1.712666 10.10012 0.29135 -0.033165 -0.165558
-0.10954 -0.012704 0.29135 0.046444 0.003345 9.2e-05
-0.017282 -0.015925 -0.033165 0.003345 0.023087 0.007703
0.067366 -0.176516 -0.165558 9.2e-05 0.007703 0.041858
0.369086 -0.23663 3.457601 1.409375 0.814462 39.186075

1.344128 0.158818 -0.804617 -0.151262 -0.044526 -0.070436
0.158818 1.588829 1.933274 0.009031 -0.003909 -0.078838
-0.804617 1.933274 10.04613 0.32296 -0.006009 -0.177763
-0.151262 0.009031 0.32296 0.050189 0.003306 0.001761
-0.044526 -0.003909 -0.006009 0.003306 0.019448 0.008024
-0.070436 -0.078838 -0.177763 0.001761 0.008024 0.031557
-0.160134 -0.494381 3.517665 -2.47216 3.718469 35.074774

1.191496 -0.149825 -0.187492 -0.045862 -0.049689 -0.048441
-0.149825 2.176153 1.743917 0.019838 -0.056372 -0.074026
-0.187492 1.743917 9.518296 0.221886 -0.060117 -0.244415
-0.045862 0.019838 0.221886 0.044924 -0.002393 -0.00848
-0.049689 -0.056372 -0.060117 -0.002393 0.023238 0.008647
-0.048441 -0.074026 -0.244415 -0.00848 0.008647 0.026545
0.146312 -0.477969 3.243252 2.299623 3.550786 31.690926

1.399296 -0.571201 -1.074402 -0.12392 -0.028805 -0.001544
-0.571201 2.371349 1.213326 0.019003 -0.032244 -0.122064
-1.074402 1.213326 11.07294 0.364504 -0.003739 -0.168878
-0.12392 0.019003 0.364504 0.050527 0.005413 -0.00198
-0.028805 -0.032244 -0.003739 0.005413 0.023533 0.010647
-0.001544 -0.122064 -0.168878 -0.00198 0.010647 0.03223
0.349708 -0.011471 3.386791 1.058302 1.102758 37.680062

1.590135 0.28496 -0.48973 -0.071044 -0.057025 -0.083866
0.28496 2.252408 1.864713 0.016103 -0.065313 -0.069586
-0.48973 1.864713 9.292628 0.256592 -0.078807 -0.209012
-0.071044 0.016103 0.256592 0.048081 -0.003905 -0.006238
-0.057025 -0.065313 -0.078807 -0.003905 0.02447 0.01069
-0.083866 -0.069586 -0.209012 -0.006238 0.01069 0.033866
-0.107083 -0.526211 3.401396 0.857868 4.127573 32.967491

1.933933 -0.987292 -0.385347 -0.030765 -0.002813 -0.053739
-0.987292 3.388801 0.92826 0.009485 -0.085595 -0.156088
-0.385347 0.92826 10.68098 0.270416 -0.00917 -0.162121
-0.030765 0.009485 0.270416 0.048928 0.000501 -0.006073
-0.002813 -0.085595 -0.00917 0.000501 0.024068 0.006581
-0.053739 -0.156088 -0.162121 -0.006073 0.006581 0.032182
0.427181 -0.215386 3.240583 3.338627 -0.128431 33.827528

0.515254 0.13404 -0.01786 -0.036725 -0.000481 0.016108
0.13404 2.953161 0.611776 -0.003706 0.013322 -0.162833
-0.01786 0.611776 9.033343 0.01257 -0.138481 -0.247579
-0.036725 -0.003706 0.01257 0.02695 -0.000186 0.001308
-0.000481 0.013322 -0.138481 -0.000186 0.020741 0.01459
0.016108 -0.162833 -0.247579 0.001308 0.01459 0.032966
-0.61966 0.214357 3.089808 -2.587192 5.816721 32.696298

1.062526 0.093752 0.133574 -0.036318 0.015296 0.085592
0.093752 2.41649 1.706543 -0.001686 -0.057758 -0.098469
0.133574 1.706543 10.31587 -0.276757 -0.078374 -0.225678
-0.036318 -0.001686 -0.276757 0.049319 0.004409 0.008296
0.015296 -0.057758 -0.078374 0.004409 0.021144 0.010402
0.085592 -0.098469 -0.225678 0.008296 0.010402 0.035922
-0.130175 -0.36203 3.275719 -1.659618 2.730397 32.183838

1.960108 0.835021 0.87218 -0.103211 0.027132 -0.04604
0.835021 2.6689 1.593898 0.006836 -0.003773 -0.192025
0.87218 1.593898 10.28499 -0.314487 -0.01758 -0.144886
-0.103211 0.006836 -0.314487 0.047166 -0.004288 -0.000764
0.027132 -0.003773 -0.01758 -0.004288 0.022668 0.008223
-0.04604 -0.192025 -0.144886 -0.000764 0.008223 0.045083
-0.359781 -0.329991 3.521816 -0.51355 0.881602 39.715854

2.549788 0.037274 -0.013557 -0.018263 0.021323 -0.040176
0.037274 5.278576 3.037861 0.001747 -0.050176 -0.126121
-0.013557 3.037861 11.02589 -0.02335 0.038766 -0.165742
-0.018263 0.001747 -0.02335 0.046497 0.000196 0.001776
0.021323 -0.050176 0.038766 0.000196 0.034245 0.009316
-0.040176 -0.126121 -0.165742 0.001776 0.009316 0.055889
-0.041446 -0.895809 3.320069 -0.541043 -2.366203 31.979993

2.038405 -1.018729 -0.676637 -0.045475 -0.018994 -0.019538
-1.018729 3.708192 1.699137 0.00707 -0.04372 -0.202045
-0.676637 1.699137 9.52198 0.258947 -0.04427 -0.181394
-0.045475 0.00707 0.258947 0.047042 -0.000675 -0.005532
-0.018994 -0.04372 -0.04427 -0.000675 0.024325 0.007675
-0.019538 -0.202045 -0.181394 -0.005532 0.007675 0.044953
0.285438 -0.453966 3.377907 2.659958 0.077602 37.006292

1.239688 -0.321521 -0.730492 -0.101003 -0.011168 -0.012682
-0.321521 2.31793 1.070979 -0.041858 -0.041559 -0.120522
-0.730492 1.070979 10.8624 0.362396 -0.030708 -0.193689
-0.101003 -0.041858 0.362396 0.048909 0.003835 -0.000362
-0.011168 -0.041559 -0.030708 0.003835 0.024505 0.011552
-0.012682 -0.120522 -0.193689 -0.000362 0.011552 0.027729
0.39167 -0.041082 3.383767 0.370873 2.311452 35.722958

1.141663 -0.374192 -0.07596 -0.118333 0.010309 0.018362
-0.374192 2.55934 1.222797 -0.008106 0.004425 -0.10729
-0.07596 1.222797 7.360676 -0.011097 -0.090472 -0.235062
-0.118333 -0.008106 -0.011097 0.030363 -0.000681 -0.000606
0.010309 0.004425 -0.090472 -0.000681 0.01681 0.006322
0.018362 -0.10729 -0.235062 -0.000606 0.006322 0.025889
0.432038 0.143491 3.303606 3.258075 6.717238 35.840869

2.144427 0.185219 -0.389237 -0.070343 0.001202 -0.069597
0.185219 4.157579 3.242462 0.048093 -0.001658 -0.118126
-0.389237 3.242462 11.07468 -0.041392 0.066198 -0.222423
-0.070343 0.048093 -0.041392 0.046773 -0.005352 -0.007627
0.001202 -0.001658 0.066198 -0.005352 0.030033 0.010388
-0.069597 -0.118126 -0.222423 -0.007627 0.010388 0.04496
-0.32794 -0.77845 3.432803 0.222217 -1.036417 32.852514

2.358219 -0.78457 -0.953097 -0.054158 -0.026144 -0.042487
-0.78457 3.448153 1.181099 -0.034937 -0.036495 -0.197363
-0.953097 1.181099 9.857861 0.251787 -0.056521 -0.199705
-0.054158 -0.034937 0.251787 0.047319 -0.001473 -0.006837
-0.026144 -0.036495 -0.056521 -0.001473 0.022891 0.008372
-0.042487 -0.197363 -0.199705 -0.006837 0.008372 0.046265
0.353034 -0.454481 3.339392 2.927965 0.126094 37.199615

1.474854 -0.559944 -0.555068 -0.027441 0.001583 -0.06328
-0.559944 2.89414 1.199766 -0.009926 -0.083343 -0.14921
-0.555068 1.199766 10.99377 0.29611 -0.031797 -0.211396
-0.027441 -0.009926 0.29611 0.048646 -0.001213 -0.008328
0.001583 -0.083343 -0.031797 -0.001213 0.022982 0.011563
-0.06328 -0.14921 -0.211396 -0.008328 0.011563 0.037067
0.475229 -0.127939 3.241263 2.348256 0.448032 34.815446

0.974448 0.261478 -0.432447 -0.067588 -0.005797 0.02409
0.261478 2.896162 0.680381 0.015836 0.018062 -0.113011
-0.432447 0.680381 8.569295 0.026869 -0.124127 -0.238271
-0.067588 0.015836 0.026869 0.031191 0.001525 -6.6e-05
-0.005797 0.018062 -0.124127 0.001525 0.021289 0.011792
0.02409 -0.113011 -0.238271 -6.6e-05 0.011792 0.025284
-0.089128 -0.114697 3.117503 -2.13482 8.536494 30.105448

1.220702 0.101164 0.192037 -0.12183 0.010586 0.000637
0.101164 3.768827 2.6595 -0.003663 0.079654 -0.139505
0.192037 2.6595 11.64973 -0.030736 0.146395 -0.255516
-0.12183 -0.003663 -0.030736 0.044692 0.000308 -0.000745
0.010586 0.079654 0.146395 0.000308 0.024426 0.003621
0.000637 -0.139505 -0.255516 -0.000745 0.003621 0.033613
0.080236 -0.168642 3.402913 0.317017 -2.101165 35.439053

1.346052 -0.237728 -0.068066 -0.108328 0.002476 -0.031855
-0.237728 3.504806 0.408162 -0.002463 0.003402 -0.139026
-0.068066 0.408162 9.169186 0.000911 -0.123914 -0.299208
-0.108328 -0.002463 0.000911 0.033449 0.000198 0.000564
0.002476 0.003402 -0.123914 0.000198 0.020665 0.008824
-0.031855 -0.139026 -0.299208 0.000564 0.008824 0.02778
0.399606 0.071053 3.031132 2.792024 6.902946 29.527766

1.139681 0.436195 0.790286 -0.103851 0.01959 -0.000324
0.436195 2.809528 0.977757 0.029272 -0.03858 -0.145254
0.790286 0.977757 11.44838 -0.367302 -0.009962 -0.176526
-0.103851 0.029272 -0.367302 0.048725 -0.003862 -0.000592
0.01959 -0.03858 -0.009962 -0.003862 0.022694 0.009787
-0.000324 -0.145254 -0.176526 -0.000592 0.009787 0.03272
-0.604527 0.188333 3.31316 -2.368011 1.229277 37.156729

1.909425 0.384366 0.359882 -0.076285 0.032749 0.062795
