AAAA
2.9072	0.2211	0.781	-0.0408	0.0266	0.0806
0.2211	3.1173	1.1622	0.0177	-0.0892	-0.1801
0.781	1.1622	9.3932	-0.2708	-0.0412	-0.1716
-0.0408	0.0177	-0.2708	0.0464	-7e-04	0.0071
0.0266	-0.0892	-0.0412	-7e-04	0.0258	0.0116
0.0806	-0.1801	-0.1716	0.0071	0.0116	0.0413
-0.09455	-0.61091	3.32	-0.89909	0.15364	34.02364

AAAC
2.0876	0.3801	0.543	-0.0284	0.0252	0.0495
0.3801	3.6698	1.3498	-0.0107	-0.0632	-0.2317
0.543	1.3498	9.0029	-0.2378	-0.059	-0.199
-0.0284	-0.0107	-0.2378	0.0457	2e-04	0.0077
0.0252	-0.0632	-0.059	2e-04	0.022	0.0093
0.0495	-0.2317	-0.199	0.0077	0.0093	0.0439
-0.15667	-0.45	3.33333	-2.85667	0.63333	35.79667

AAAG
2.1438	0.4036	0.6392	-0.0184	0.0298	0.0564
0.4036	3.049	1.1015	-0.0076	-0.0952	-0.2159
0.6392	1.1015	9.2469	-0.2313	-0.0636	-0.198
-0.0184	-0.0076	-0.2313	0.0428	8e-04	0.0096
0.0298	-0.0952	-0.0636	8e-04	0.0234	0.0133
0.0564	-0.2159	-0.198	0.0096	0.0133	0.0479
-0.125	-0.535	3.245	-2.26	0.385	34.285

AAAT
2.3429	0.21	0.5401	-0.0192	0.0195	0.0638
0.21	4.0818	1.2769	0.0118	-0.0528	-0.3144
0.5401	1.2769	8.5287	-0.224	-0.0682	-0.1654
-0.0192	0.0118	-0.224	0.0439	9e-04	0.0049
0.0195	-0.0528	-0.0682	9e-04	0.0238	0.0086
0.0638	-0.3144	-0.1654	0.0049	0.0086	0.0572
-0.13	-0.60667	3.36333	-2.74667	0.38	35.66333

AACA
1.4559	-0.4107	0.0697	-0.0255	0.0413	0.0251
-0.4107	3.5403	2.3626	-0.0247	0.0235	-0.1438
0.0697	2.3626	9.8659	0.0768	0.0947	-0.1827
-0.0255	-0.0247	0.0768	0.0427	0.0047	0.0026
0.0413	0.0235	0.0947	0.0047	0.0246	0.0109
0.0251	-0.1438	-0.1827	0.0026	0.0109	0.0441
0.43	-0.72	3.38	0.185	-0.835	32.88

AACC
1.9336	0.2615	0.5295	-0.0535	0.0038	0.0341
0.2615	4.5034	2.9504	-0.0488	-0.0047	-0.192
0.5295	2.9504	9.7674	0.0207	0.0565	-0.1724
-0.0535	-0.0488	0.0207	0.0459	0.004	0.0068
0.0038	-0.0047	0.0565	0.004	0.0304	0.0095
0.0341	-0.192	-0.1724	0.0068	0.0095	0.0517
0.19	-0.805	3.455	-0.43	-0.43	33.265
AACG
1.3514	-0.2771	0.096	-0.0264	0.0286	0.0182
-0.2771	3.5847	2.536	-0.0289	0.03	-0.1852
0.096	2.536	9.5629	0.0845	0.0808	-0.2217
-0.0264	-0.0289	0.0845	0.0427	0.0042	0.0049
0.0286	0.03	0.0808	0.0042	0.0243	0.0107
0.0182	-0.1852	-0.2217	0.0049	0.0107	0.048
0.36	-0.725	3.45	-0.275	-0.96	32.77
AACT
1.8582	0.098	0.1711	-0.0553	-0.0192	0.0381
0.098	4.2972	2.5096	-0.0223	0.0338	-0.2373
0.1711	2.5096	10.096	0.0489	0.0631	-0.1898
-0.0553	-0.0223	0.0489	0.0454	0.005	0.005
-0.0192	0.0338	0.0631	0.005	0.0274	0.0067
0.0381	-0.2373	-0.1898	0.005	0.0067	0.0596
0.065	-0.855	3.485	-1.34	-1.33	33.565
AAGA
1.9678	-0.2827	0.3314	-0.0517	0.0542	0.0979
-0.2827	2.0802	1.7102	-0.0271	-0.1025	-0.0954
0.3314	1.7102	7.986	-0.2273	-0.0857	-0.2058
-0.0517	-0.0271	-0.2273	0.0445	0.005	0.0084
0.0542	-0.1025	-0.0857	0.005	0.0257	0.011
0.0979	-0.0954	-0.2058	0.0084	0.011	0.0331
-0.06	-0.77	3.39667	-0.97	4.33333	31.59333
AAGC
2.4982	0.0529	0.476	-0.095	0.0511	0.0804
0.0529	3.6774	1.9192	-0.0195	-0.0777	-0.1742
0.476	1.9192	8.2917	-0.1998	-0.0889	-0.1661
-0.095	-0.0195	-0.1998	0.0503	0.0047	0.0073
0.0511	-0.0777	-0.0889	0.0047	0.028	0.0072
0.0804	-0.1742	-0.1661	0.0073	0.0072	0.045
-0.255	-0.755	3.55	-2.975	4.515	35.49
AAGG
1.7491	0.1235	0.2495	-0.0461	0.0478	0.0779
0.1235	2.4935	1.7266	-0.014	-0.0672	-0.1493
0.2495	1.7266	7.8143	-0.1903	-0.0648	-0.2115
-0.0461	-0.014	-0.1903	0.0423	0.0043	0.0096
0.0478	-0.0672	-0.0648	0.0043	0.0223	0.0085
0.0779	-0.1493	-0.2115	0.0096	0.0085	0.0409
-0.17667	-0.82667	3.39667	-2.19667	3.93667	33.26333
AAGT
2.1255	-0.1915	0.3252	-0.055	0.0539	0.0682
-0.1915	3.4436	1.2978	0.021	-0.0536	-0.222
0.3252	1.2978	7.2236	-0.1425	-0.0582	-0.1186
-0.055	0.021	-0.1425	0.0416	0.0037	-8e-04
0.0539	-0.0536	-0.0582	0.0037	0.0238	0.008
0.0682	-0.222	-0.1186	-8e-04	0.008	0.0469
-0.21	-0.97	3.535	-1.86	3.13	35.295
AATA
1.4603	-0.2096	-0.0464	0.0252	0.0374	-0.0343
-0.2096	4.3651	2.378	-0.0402	-0.0103	-0.1986
-0.0464	2.378	10.4905	-0.0127	0.0923	-0.1615
0.0252	-0.0402	-0.0127	0.0426	7e-04	-8e-04
0.0374	-0.0103	0.0923	7e-04	0.0263	0.0113
-0.0343	-0.1986	-0.1615	-8e-04	0.0113	0.0588
0.305	-0.83	3.27	0.565	-2.08	31.67
AATC
2.0011	0.0659	0.1008	-0.0035	-5e-04	-0.008
0.0659	5.1945	2.5338	-0.0019	-0.0433	-0.1933
0.1008	2.5338	9.1427	0.0147	0.0199	-0.1787
-0.0035	-0.0019	0.0147	0.0458	-0.0014	6e-04
-5e-04	-0.0433	0.0199	-0.0014	0.0341	0.0093
-0.008	-0.1933	-0.1787	6e-04	0.0093	0.0597
0.07	-0.83	3.395	0.11	-1.43	31.985
AATG
1.445	-0.2958	-0.1023	0.0197	0.0317	-0.0197
-0.2958	4.4634	2.7624	-0.0258	-0.0353	-0.164
-0.1023	2.7624	10.3881	-0.0063	0.0673	-0.1797
0.0197	-0.0258	-0.0063	0.0426	5e-04	2e-04
0.0317	-0.0353	0.0673	5e-04	0.0277	0.0134
-0.0197	-0.164	-0.1797	2e-04	0.0134	0.0495
0.11	-0.8	3.27	0.92	-1.01	30.79
AATT
1.9158	-0.0015	0.0226	0.0043	0.0047	-0.002
-0.0015	5.073	2.5572	-0.0032	-0.014	-0.2446
0.0226	2.5572	9.8282	0.0021	0.0138	-0.1671
0.0043	-0.0032	0.0021	0.0456	1e-04	2e-04
0.0047	-0.014	0.0138	1e-04	0.0341	0.008
-0.002	-0.2446	-0.1671	2e-04	0.008	0.0702
0.04	-0.915	3.38	-0.035	-2.025	32.3
ACAA
1.424	-0.1316	0.1208	-0.0437	0.019	-0.0034
-0.1316	1.8314	1.1958	0.0029	-0.0078	-0.0397
0.1208	1.1958	6.1742	-0.005	-0.1189	-0.2229
-0.0437	0.0029	-0.005	0.0283	5e-04	0.0029
0.019	-0.0078	-0.1189	5e-04	0.0211	0.0095
-0.0034	-0.0397	-0.2229	0.0029	0.0095	0.0178
-0.17333	-0.34667	3.25	1.80667	12.06	27.53
ACAC
1.0509	0.1433	0.1766	-0.0476	0.0111	-8e-04
0.1433	1.98	1.2843	-0.0015	1e-04	-0.0763
0.1766	1.2843	6.0825	0.0062	-0.0844	-0.2064
-0.0476	-0.0015	0.0062	0.0269	-0.001	0.002
0.0111	1e-04	-0.0844	-0.001	0.0171	0.0083
-8e-04	-0.0763	-0.2064	0.002	0.0083	0.0213
-0.348	-0.34	3.348	-0.778	9.024	33.428
ACAG
1.0528	-0.027	0.2355	-0.0476	0.0202	-0.0097
-0.027	1.5612	0.9162	-0.0178	0.0032	-0.0614
0.2355	0.9162	6.5602	-0.0149	-0.1067	-0.2162
-0.0476	-0.0178	-0.0149	0.0263	-2e-04	0.0012
0.0202	0.0032	-0.1067	-2e-04	0.019	0.0098
-0.0097	-0.0614	-0.2162	0.0012	0.0098	0.0189
-0.03	-0.18	3.27333	0.58333	9.58333	32.45667
ACAT
1.1127	0.1301	0.0544	-0.0512	0.0135	-0.0138
0.1301	2.0245	1.442	-0.0147	-0.0111	-0.1206
0.0544	1.442	5.472	-0.0014	-0.0793	-0.1891
-0.0512	-0.0147	-0.0014	0.0261	-6e-04	0.0021
0.0135	-0.0111	-0.0793	-6e-04	0.0167	0.0086
-0.0138	-0.1206	-0.1891	0.0021	0.0086	0.028
-0.15	-0.46667	3.45667	-0.11333	9.19333	35.66
ACCA
1.7485	-0.37	-0.3843	-0.0952	0.0141	-0.0318
-0.37	2.4329	1.0554	-0.0692	-0.005	-0.2227
-0.3843	1.0554	9.2121	0.2729	-0.0121	-0.1378
-0.0952	-0.0692	0.2729	0.0498	0.0025	0.0032
0.0141	-0.005	-0.0121	0.0025	0.0225	0.008
-0.0318	-0.2227	-0.1378	0.0032	0.008	0.0494
0.44667	-0.56333	3.58667	0.63	3.59	36.34
ACCC
1.9722	0.0399	-0.2889	-0.1053	-0.007	-0.0215
0.0399	3.0031	1.7906	0.0031	-0.0152	-0.224
-0.2889	1.7906	7.6134	0.2023	-0.0322	-0.1737
-0.1053	0.0031	0.2023	0.0464	0.0017	0.0024
-0.007	-0.0152	-0.0322	0.0017	0.0246	0.0085
-0.0215	-0.224	-0.1737	0.0024	0.0085	0.0435
-0.03667	-1.22333	3.68333	-0.46333	5.48667	33.61667
ACCG
1.8685	-0.5272	-0.3961	-0.0945	0.0086	-0.0291
-0.5272	2.5572	1.1572	-0.0566	-0.0103	-0.2249
-0.3961	1.1572	10.1684	0.3471	0.0048	-0.1535
-0.0945	-0.0566	0.3471	0.0561	0.0039	0.0018
0.0086	-0.0103	0.0048	0.0039	0.0233	0.0089
-0.0291	-0.2249	-0.1535	0.0018	0.0089	0.0505
0.58333	-0.33333	3.6	1.23333	3.17	37.33
ACCT
2.062	-0.1388	-0.5804	-0.1121	-0.0023	-0.0322
-0.1388	2.7084	1.7032	-0.0118	-0.0138	-0.2114
-0.5804	1.7032	8.4045	0.2437	-0.0276	-0.1579
-0.1121	-0.0118	0.2437	0.047	0.0023	0.0028
-0.0023	-0.0138	-0.0276	0.0023	0.0234	0.0078
-0.0322	-0.2114	-0.1579	0.0028	0.0078	0.0433
0.02667	-1.19	3.69	-0.95667	5.31333	34.27
ACGA
1.4738	-0.3613	-0.2056	-0.1039	0.0159	0.0019
-0.3613	2.3216	1.026	-0.0025	-0.0079	-0.0655
-0.2056	1.026	6.5999	-0.0131	-0.1167	-0.241
-0.1039	-0.0025	-0.0131	0.0278	8e-04	8e-04
0.0159	-0.0079	-0.1167	8e-04	0.0193	0.0071
0.0019	-0.0655	-0.241	8e-04	0.0071	0.0158
0.15	-0.04333	3.12667	2.06	9.95	28.81667
ACGC
1.3031	-0.1091	-0.1351	-0.1105	0.0102	0.017
-0.1091	2.1971	1.3026	0.0063	-0.0027	-0.0862
-0.1351	1.3026	6.0625	0.0066	-0.0697	-0.2123
-0.1105	0.0063	0.0066	0.0307	1e-04	6e-04
0.0102	-0.0027	-0.0697	1e-04	0.0166	0.0061
0.017	-0.0862	-0.2123	6e-04	0.0061	0.0191
-0.10667	-0.17333	3.34333	-0.9	8.47333	34.83667
ACGG
1.2857	-0.1123	-0.0336	-0.1024	0.015	0.0026
-0.1123	2.1284	1.0369	-0.0133	0.0032	-0.0721
-0.0336	1.0369	6.7527	-0.0274	-0.0879	-0.2365
-0.1024	-0.0133	-0.0274	0.029	5e-04	6e-04
0.015	0.0032	-0.0879	5e-04	0.0177	0.007
0.0026	-0.0721	-0.2365	6e-04	0.007	0.0177
0.05	-0.02333	3.19667	0.47333	8.86667	32.77
ACGT
1.293	0.056	0.005	-0.1147	0.0018	0.0026
0.056	2.0836	1.6347	-0.0048	-0.0014	-0.1156
0.005	1.6347	5.4431	-0.0014	-0.0626	-0.1863
-0.1147	-0.0048	-0.0014	0.028	1e-04	-5e-04
0.0018	-0.0014	-0.0626	1e-04	0.0146	0.0054
0.0026	-0.1156	-0.1863	-5e-04	0.0054	0.0237
0.04	-0.21333	3.52333	0.20333	7.62	38.51
ACTA
1.5631	0.4037	0.237	-0.0211	0.0077	0.092
0.4037	2.8477	1.3674	0.0347	-0.028	-0.172
0.237	1.3674	8.4506	-0.156	-0.0274	-0.2256
-0.0211	0.0347	-0.156	0.0411	0.0028	0.0089
0.0077	-0.028	-0.0274	0.0028	0.0189	0.0085
0.092	-0.172	-0.2256	0.0089	0.0085	0.05
0.81333	-0.39333	3.39	3.24333	1.32333	36.27
ACTC
1.9244	0.1409	0.1529	-0.0482	0.0369	0.0603
0.1409	3.2656	1.704	-0.018	-0.0883	-0.1811
0.1529	1.704	7.0163	-0.1584	-0.0647	-0.1714
-0.0482	-0.018	-0.1584	0.0438	0.0045	0.0056
0.0369	-0.0883	-0.0647	0.0045	0.0263	0.0094
0.0603	-0.1811	-0.1714	0.0056	0.0094	0.0422
0.17333	-0.91667	3.57	2.61667	3.32	34.55
ACTG
1.7991	0.4261	0.4527	-0.0418	0.0088	0.1108
0.4261	3.241	1.5514	0.0079	-0.0261	-0.2055
0.4527	1.5514	9.1835	-0.2117	-0.0181	-0.2138
-0.0418	0.0079	-0.2117	0.0476	0.0022	0.0092
0.0088	-0.0261	-0.0181	0.0022	0.0207	0.0093
0.1108	-0.2055	-0.2138	0.0092	0.0093	0.0522
0.76333	-0.29667	3.42667	4.08667	1.04	37.02667
ACTT
2.1255	-0.1915	0.3252	-0.055	0.0539	0.0682
-0.1915	3.4436	1.2978	0.021	-0.0536	-0.222
0.3252	1.2978	7.2236	-0.1425	-0.0582	-0.1186
-0.055	0.021	-0.1425	0.0416	0.0037	-8e-04
0.0539	-0.0536	-0.0582	0.0037	0.0238	0.008
0.0682	-0.222	-0.1186	-8e-04	0.008	0.0469
0.21	-0.97	3.535	1.86	3.13	35.295
AGAA
1.7294	0.3244	0.885	-0.0682	0.008	0.015
0.3244	1.8599	1.4533	-4e-04	-0.0459	-0.142
0.885	1.4533	9.2145	-0.2841	-0.0242	-0.1876
-0.0682	-4e-04	-0.2841	0.0415	-0.0042	0.0039
0.008	-0.0459	-0.0242	-0.0042	0.0229	0.0121
0.015	-0.142	-0.1876	0.0039	0.0121	0.0332
-0.11333	-0.50333	3.39333	0.7	2.25333	34.87667
AGAC
1.6996	0.5348	0.7448	-0.0751	0.0233	0.0036
0.5348	2.4401	1.2066	0.006	-0.0288	-0.1989
0.7448	1.2066	9.5181	-0.2934	0.0082	-0.1868
-0.0751	0.006	-0.2934	0.0437	-0.0044	0.0025
0.0233	-0.0288	0.0082	-0.0044	0.0204	0.0117
0.0036	-0.1989	-0.1868	0.0025	0.0117	0.0425
-0.34	-0.16	3.37	-1.34	0.86	38.01
AGAG
1.3625	0.3571	0.6765	-0.0651	0.0223	0.0133
0.3571	2.038	1.1326	-0.0133	-0.0262	-0.173
0.6765	1.1326	9.2677	-0.2785	-0.0085	-0.1842
-0.0651	-0.0133	-0.2785	0.0411	-0.0041	0.0033
0.0223	-0.0262	-0.0085	-0.0041	0.0204	0.0117
0.0133	-0.173	-0.1842	0.0033	0.0117	0.0372
-0.18333	-0.28	3.34333	-0.94	2.11333	35.69
AGAT
1.5736	0.4371	0.5912	-0.0626	0.0172	0.0062
0.4371	2.3998	1.2707	0.0098	-0.0283	-0.2159
0.5912	1.2707	8.8264	-0.2646	-0.0244	-0.1728
-0.0626	0.0098	-0.2646	0.0406	-0.0028	0.0012
0.0172	-0.0283	-0.0244	-0.0028	0.0188	0.0106
0.0062	-0.2159	-0.1728	0.0012	0.0106	0.0443
-0.14667	-0.47667	3.41667	-1.22	1.24333	36.76
AGCA
2.0461	-0.3275	0.2592	-0.0953	0.0056	0.0284
-0.3275	3.5561	2.318	-0.004	0.0686	-0.2181
0.2592	2.318	11.6805	0.0503	0.1452	-0.2088
-0.0953	-0.004	0.0503	0.0471	9e-04	1e-04
0.0056	0.0686	0.1452	9e-04	0.0253	0.003
0.0284	-0.2181	-0.2088	1e-04	0.003	0.0518
0.47333	-0.31333	3.44	1.51	-1.89333	36.67333
AGCC
2.358	0.1872	0.2462	-0.1214	-0.0013	-0.0024
0.1872	3.9232	3.0269	0	0.0272	-0.1824
0.2462	3.0269	10.8844	-0.0099	0.1143	-0.2259
-0.1214	0	-0.0099	0.0448	-0.001	6e-04
-0.0013	0.0272	0.1143	-0.001	0.0297	0.0071
-0.0024	-0.1824	-0.2259	6e-04	0.0071	0.0421
-0.055	-0.79	3.535	0.57	0	35.89
AGCG
1.753	-0.3931	-0.1215	-0.096	0.0171	0.0136
-0.3931	3.2182	2.2506	-3e-04	0.0653	-0.1636
-0.1215	2.2506	10.8468	0.0726	0.1419	-0.2193
-0.096	-3e-04	0.0726	0.0454	4e-04	1e-04
0.0171	0.0653	0.1419	4e-04	0.0235	0.0057
0.0136	-0.1636	-0.2193	1e-04	0.0057	0.0415
0.30667	-0.45333	3.48667	1.17	-1.51667	35.94333
AGCT
2.4169	0.0424	-0.0522	-0.129	0.0065	-0.0041
0.0424	3.5726	2.5463	0.0014	0.055	-0.1944
-0.0522	2.5463	11.3712	0.0037	0.1209	-0.2019
-0.129	0.0014	0.0037	0.0452	1e-04	-1e-04
0.0065	0.055	0.1209	1e-04	0.0295	0.0054
-0.0041	-0.1944	-0.2019	-1e-04	0.0054	0.0444
-0.02333	-0.82333	3.57333	0.02333	-0.81	36.22333
AGGA
1.5916	0.1073	-0.3871	-0.1033	-0.0156	-0.0202
0.1073	1.4244	1.7094	0.0211	-0.0195	-0.0798
-0.3871	1.7094	8.3776	0.2639	-0.0386	-0.195
-0.1033	0.0211	0.2639	0.0452	0.0016	-0.0022
-0.0156	-0.0195	-0.0386	0.0016	0.0195	0.0081
-0.0202	-0.0798	-0.195	-0.0022	0.0081	0.0241
0.05	-0.79333	3.47	2.07667	5.79	30.84
AGGC
2.113	-0.1242	-0.5798	-0.1298	-0.0147	-0.0505
-0.1242	2.3433	2.0234	0.0025	-0.0243	-0.1548
-0.5798	2.0234	8.9067	0.2549	-0.0355	-0.1943
-0.1298	0.0025	0.2549	0.0503	0.0027	-2e-04
-0.0147	-0.0243	-0.0355	0.0027	0.0256	0.0075
-0.0505	-0.1548	-0.1943	-2e-04	0.0075	0.0364
-0.12667	-0.99333	3.62667	0.62	5.28	34.50667
AGGG
1.5463	-0.1848	-0.4885	-0.1011	-0.013	-0.0387
-0.1848	1.9023	1.768	0.0084	-0.0262	-0.1467
-0.4885	1.768	8.9995	0.2693	-0.0104	-0.2029
-0.1011	0.0084	0.2693	0.0458	0.003	-0.0019
-0.013	-0.0262	-0.0104	0.003	0.0211	0.0087
-0.0387	-0.1467	-0.2029	-0.0019	0.0087	0.036
0.00333	-0.91	3.45667	0.71	5.70667	32.39667
AGGT
2.062	-0.1388	-0.5804	-0.1121	-0.0023	-0.0322
-0.1388	2.7084	1.7032	-0.0118	-0.0138	-0.2114
-0.5804	1.7032	8.4045	0.2437	-0.0276	-0.1579
-0.1121	-0.0118	0.2437	0.047	0.0023	0.0028
-0.0023	-0.0138	-0.0276	0.0023	0.0234	0.0078
-0.0322	-0.2114	-0.1579	0.0028	0.0078	0.0433
-0.02667	-1.19	3.69	0.95667	5.31333	34.27
AGTA
1.3107	0.2344	0.1817	-0.0056	-0.0202	0.0502
0.2344	3.7093	2.6736	0.0153	0.0315	-0.1333
0.1817	2.6736	10.6693	0.0554	0.1204	-0.1965
-0.0056	0.0153	0.0554	0.0419	0.0047	0.0055
-0.0202	0.0315	0.1204	0.0047	0.0216	0.0086
0.0502	-0.1333	-0.1965	0.0055	0.0086	0.0408
0.20667	-0.59667	3.32667	1.71667	-1.35667	32.75
AGTC
1.8158	0.0935	0.2026	-0.0449	0.0171	0.0292
0.0935	4.5627	2.8535	-0.019	5e-04	-0.215
0.2026	2.8535	10.1234	0.0289	0.0547	-0.2002
-0.0449	-0.019	0.0289	0.0473	0.0074	0.0038
0.0171	5e-04	0.0547	0.0074	0.03	0.0103
0.0292	-0.215	-0.2002	0.0038	0.0103	0.0555
-0.17667	-0.81667	3.48	1.51333	-0.63333	33.04333
AGTG
1.3724	0.1982	0.2707	-0.0311	-0.0111	0.0712
0.1982	4.1567	2.7563	0.0084	0.0535	-0.1998
0.2707	2.7563	10.9886	0.0337	0.1402	-0.1917
-0.0311	0.0084	0.0337	0.0452	0.0049	0.0043
-0.0111	0.0535	0.1402	0.0049	0.0222	0.0069
0.0712	-0.1998	-0.1917	0.0043	0.0069	0.049
0.22333	-0.55	3.37333	2.27	-2.51667	33.68333
AGTT
1.8582	0.098	0.1711	-0.0553	-0.0192	0.0381
0.098	4.2972	2.5096	-0.0223	0.0338	-0.2373
0.1711	2.5096	10.096	0.0489	0.0631	-0.1898
-0.0553	-0.0223	0.0489	0.0454	0.005	0.005
-0.0192	0.0338	0.0631	0.005	0.0274	0.0067
0.0381	-0.2373	-0.1898	0.005	0.0067	0.0596
-0.065	-0.855	3.485	1.34	-1.33	33.565
ATAA
0.97	-0.2448	0.0534	-0.0029	0.0139	0.0023
-0.2448	1.4901	0.9928	-0.009	-0.0031	-0.0337
0.0534	0.9928	6.5763	-0.0098	-0.1111	-0.196
-0.0029	-0.009	-0.0098	0.0246	6e-04	0.0014
0.0139	-0.0031	-0.1111	6e-04	0.0193	0.0114
0.0023	-0.0337	-0.196	0.0014	0.0114	0.0204
0.09667	-0.41333	3.25667	2.19	11.62	28.33
ATAC
0.7776	-0.0404	0.0565	-0.0031	0.0124	0.0171
-0.0404	1.6288	1.0063	0.0033	0.0084	-0.0758
0.0565	1.0063	6.3299	-0.0016	-0.0934	-0.1966
-0.0031	0.0033	-0.0016	0.023	3e-04	6e-04
0.0124	0.0084	-0.0934	3e-04	0.0164	0.0099
0.0171	-0.0758	-0.1966	6e-04	0.0099	0.0232
-0.005	-0.335	3.28	-0.265	9.07	32.825
ATAG
0.8104	-0.1471	0.1875	-0.0087	0.0103	0.0152
-0.1471	1.4644	0.8749	-0.0171	-0.003	-0.0859
0.1875	0.8749	6.6343	-0.0101	-0.0986	-0.2115
-0.0087	-0.0171	-0.0101	0.0234	2e-04	0.0015
0.0103	-0.003	-0.0986	2e-04	0.0172	0.0128
0.0152	-0.0859	-0.2115	0.0015	0.0128	0.0272
0.18	-0.29	3.255	0.34	9.06	32.51
ATAT
1.0095	-0.0087	-0.0068	-0.0025	5e-04	-0.0022
-0.0087	2.0772	1.0938	-0.0017	-0.0047	-0.1375
-0.0068	1.0938	5.7768	-5e-04	-0.0709	-0.191
-0.0025	-0.0017	-5e-04	0.0226	-1e-04	1e-04
5e-04	-0.0047	-0.0709	-1e-04	0.0155	0.0114
-0.0022	-0.1375	-0.191	1e-04	0.0114	0.0343
-0.01	-0.588	3.372	0.078	8.78	34.138
ATCA
1.6512	0.4356	0.5994	-0.0502	-0.0289	-0.0056
0.4356	2.7926	0.932	0.0431	-0.0456	-0.2257
0.5994	0.932	9.9899	-0.3145	-0.0014	-0.1578
-0.0502	0.0431	-0.3145	0.0465	-0.0051	0.001
-0.0289	-0.0456	-0.0014	-0.0051	0.022	0.0083
-0.0056	-0.2257	-0.1578	0.001	0.0083	0.0436
0.68333	-0.02667	3.40667	2.52667	0.92333	37.32333
ATCC
1.403	0.3356	0.2841	-0.0556	0.0124	5e-04
0.3356	2.5678	1.5837	0.0053	-0.0377	-0.2124
0.2841	1.5837	8.4313	-0.2252	-0.021	-0.1769
-0.0556	0.0053	-0.2252	0.0389	-0.0024	-4e-04
0.0124	-0.0377	-0.021	-0.0024	0.0198	0.0114
5e-04	-0.2124	-0.1769	-4e-04	0.0114	0.042
0.065	-0.5	3.365	1.53	2.155	36.06
ATCG
1.8036	0.4874	0.6342	-0.0571	-0.0257	0.004
0.4874	2.8446	1.0103	0.0471	-0.0585	-0.2085
0.6342	1.0103	10.1227	-0.3641	-0.0062	-0.161
-0.0571	0.0471	-0.3641	0.0507	-0.0054	-5e-04
-0.0257	-0.0585	-0.0062	-0.0054	0.0242	0.0116
0.004	-0.2085	-0.161	-5e-04	0.0116	0.0465
0.68	0.058	3.48	2.368	1.344	38.796
ATCT
1.5736	0.4371	0.5912	-0.0626	0.0172	0.0062
0.4371	2.3998	1.2707	0.0098	-0.0283	-0.2159
0.5912	1.2707	8.8264	-0.2646	-0.0244	-0.1728
-0.0626	0.0098	-0.2646	0.0406	-0.0028	0.0012
0.0172	-0.0283	-0.0244	-0.0028	0.0188	0.0106
0.0062	-0.2159	-0.1728	0.0012	0.0106	0.0443
0.14667	-0.47667	3.41667	1.22	1.24333	36.76
ATGA
1.1285	0.2934	0.152	-0.0501	-0.002	-0.0117
0.2934	1.8831	1.1574	0.0021	0.0046	-0.0477
0.152	1.1574	6.6351	0.0341	-0.116	-0.2154
-0.0501	0.0021	0.0341	0.0268	-0.0016	1e-04
-0.002	0.0046	-0.116	-0.0016	0.02	0.0094
-0.0117	-0.0477	-0.2154	1e-04	0.0094	0.0186
0.31	-0.15333	3.23333	1.19	11.05667	29.96333
ATGC
1.0035	0.2092	0.2246	-0.0412	0.0039	-0.0248
0.2092	2.1657	1.2066	-0.0166	-0.0011	-0.0865
0.2246	1.2066	6.0875	-0.0074	-0.0802	-0.1997
-0.0412	-0.0166	-0.0074	0.0267	-0.0013	1e-04
0.0039	-0.0011	-0.0802	-0.0013	0.0184	0.0094
-0.0248	-0.0865	-0.1997	1e-04	0.0094	0.0227
0.08333	-0.36833	3.29	-0.29167	10.445	32.27667
ATGG
1.1169	0.1618	0.1415	-0.0483	-0.0029	-0.0275
0.1618	1.9111	0.9385	0.0052	-8e-04	-0.0843
0.1415	0.9385	7.1092	0.0255	-0.1013	-0.207
-0.0483	0.0052	0.0255	0.0269	-0.0015	0.001
-0.0029	-8e-04	-0.1013	-0.0015	0.019	0.0095
-0.0275	-0.0843	-0.207	0.001	0.0095	0.0222
0.28333	-0.16	3.18333	0.05667	9.68333	32.16333
ATGT
1.1127	0.1301	0.0544	-0.0512	0.0135	-0.0138
0.1301	2.0245	1.442	-0.0147	-0.0111	-0.1206
0.0544	1.442	5.472	-0.0014	-0.0793	-0.1891
-0.0512	-0.0147	-0.0014	0.0261	-6e-04	0.0021
0.0135	-0.0111	-0.0793	-6e-04	0.0167	0.0086
-0.0138	-0.1206	-0.1891	0.0021	0.0086	0.028
0.15	-0.46667	3.45667	0.11333	9.19333	35.66
ATTA
1.9313	0.7258	0.4442	0.0059	-0.0185	0.0578
0.7258	3.2836	0.9344	0.0369	-0.0655	-0.21
0.4442	0.9344	9.4556	-0.2025	-0.0209	-0.209
0.0059	0.0369	-0.2025	0.0425	1e-04	0.0082
-0.0185	-0.0655	-0.0209	1e-04	0.0214	0.0101
0.0578	-0.21	-0.209	0.0082	0.0101	0.0502
0.60167	-0.19167	3.29333	3.265	0.37167	36.63333
ATTC
2.0786	0.2116	0.2682	-0.0161	0.0224	0.0472
0.2116	3.4052	1.5305	-0.0014	-0.0773	-0.228
0.2682	1.5305	8.303	-0.2121	-0.071	-0.1923
-0.0161	-0.0014	-0.2121	0.0436	0.0026	0.0049
0.0224	-0.0773	-0.071	0.0026	0.0232	0.0107
0.0472	-0.228	-0.1923	0.0049	0.0107	0.0456
0.13	-0.58667	3.35667	2.74667	1.05	35.03667
ATTG
2.2866	0.7435	0.5786	-0.0068	-0.0141	0.0573
0.7435	3.9288	1.0177	0.0147	-0.051	-0.2833
0.5786	1.0177	10.0937	-0.2911	-0.004	-0.2078
-0.0068	0.0147	-0.2911	0.0506	-1e-04	0.008
-0.0141	-0.051	-0.004	-1e-04	0.0213	0.0099
0.0573	-0.2833	-0.2078	0.008	0.0099	0.0619
0.73333	0.01333	3.36667	4.11667	-0.4	38.49667
ATTT
2.3429	0.21	0.5401	-0.0192	0.0195	0.0638
0.21	4.0818	1.2769	0.0118	-0.0528	-0.3144
0.5401	1.2769	8.5287	-0.224	-0.0682	-0.1654
-0.0192	0.0118	-0.224	0.0439	9e-04	0.0049
0.0195	-0.0528	-0.0682	9e-04	0.0238	0.0086
0.0638	-0.3144	-0.1654	0.0049	0.0086	0.0572
0.13	-0.60667	3.36333	2.74667	0.38	35.66333
CAAA
2.2908	0.414	0.6852	-0.0277	-0.0085	0.0871
0.414	2.6585	1.1269	-0.011	-0.0746	-0.1504
0.6852	1.1269	9.4472	-0.2506	-0.0034	-0.2309
-0.0277	-0.011	-0.2506	0.0466	-7e-04	0.0107
-0.0085	-0.0746	-0.0034	-7e-04	0.0224	0.0116
0.0871	-0.1504	-0.2309	0.0107	0.0116	0.0379
-0.46	-0.10333	3.31333	-2.54333	1.01333	35.28333
CAAC
2.3115	0.8721	0.6099	-0.0166	-0.006	0.044
0.8721	4.0619	1.2126	0.0061	-0.0617	-0.2148
0.6099	1.2126	11.0642	-0.3096	0.0169	-0.2251
-0.0166	0.0061	-0.3096	0.0524	-0.0013	0.0091
-0.006	-0.0617	0.0169	-0.0013	0.0223	0.0106
0.044	-0.2148	-0.2251	0.0091	0.0106	0.049
-0.73667	0.08	3.29333	-3.95	-1.24333	37.89333
CAAG
2.2201	0.5903	0.5383	-0.0271	-0.0045	0.0706
0.5903	4.1864	0.9787	-0.0326	-0.0635	-0.2545
0.5383	0.9787	11.3431	-0.3194	0.0244	-0.2322
-0.0271	-0.0326	-0.3194	0.0532	-0.0014	0.0121
-0.0045	-0.0635	0.0244	-0.0014	0.0218	0.0103
0.0706	-0.2545	-0.2322	0.0121	0.0103	0.0559
-0.60333	0.05	3.31667	-3.80667	-1.19667	37.59
CAAT
2.2866	0.7435	0.5786	-0.0068	-0.0141	0.0573
0.7435	3.9288	1.0177	0.0147	-0.051	-0.2833
0.5786	1.0177	10.0937	-0.2911	-0.004	-0.2078
-0.0068	0.0147	-0.2911	0.0506	-1e-04	0.008
-0.0141	-0.051	-0.004	-1e-04	0.0213	0.0099
0.0573	-0.2833	-0.2078	0.008	0.0099	0.0619
-0.73333	0.01333	3.36667	-4.11667	-0.4	38.49667
CACA
1.1685	-0.0353	0.3192	-0.0242	0.0125	0.0284
-0.0353	3.242	2.7328	-0.0324	0.0202	-0.1055
0.3192	2.7328	9.8265	0.0481	0.0943	-0.2029
-0.0242	-0.0324	0.0481	0.0398	0.0045	0.0059
0.0125	0.0202	0.0943	0.0045	0.0238	0.0117
0.0284	-0.1055	-0.2029	0.0059	0.0117	0.0349
0.16833	-0.58333	3.29167	-0.58833	-0.005	30.98
CACC
1.4286	0.2664	0.5574	-0.0205	-0.0017	0.064
0.2664	4.0956	3.1462	-0.0089	0.0413	-0.1745
0.5574	3.1462	11.4883	0.0145	0.1568	-0.1885
-0.0205	-0.0089	0.0145	0.0435	0.0039	0.006
-0.0017	0.0413	0.1568	0.0039	0.0231	0.0098
0.064	-0.1745	-0.1885	0.006	0.0098	0.0464
-0.125	-0.485	3.275	-1.11	-1.855	33.465
CACG
1.0407	0.1079	0.3552	-0.0324	0.0029	0.0225
0.1079	3.439	2.6309	-0.0099	0.0269	-0.0904
0.3552	2.6309	9.8363	0.0612	0.0779	-0.2237
-0.0324	-0.0099	0.0612	0.0394	0.0042	0.0053
0.0029	0.0269	0.0779	0.0042	0.0232	0.0123
0.0225	-0.0904	-0.2237	0.0053	0.0123	0.0333
0.06	-0.48	3.29667	-0.75667	0.19	30.76
CACT
1.3724	0.1982	0.2707	-0.0311	-0.0111	0.0712
0.1982	4.1567	2.7563	0.0084	0.0535	-0.1998
0.2707	2.7563	10.9886	0.0337	0.1402	-0.1917
-0.0311	0.0084	0.0337	0.0452	0.0049	0.0043
-0.0111	0.0535	0.1402	0.0049	0.0222	0.0069
0.0712	-0.1998	-0.1917	0.0043	0.0069	0.049
-0.22333	-0.55	3.37333	-2.27	-2.51667	33.68333
CAGA
1.5133	0.1466	0.2645	-0.0324	0.0258	0.0809
0.1466	1.8769	1.6862	-0.0215	-0.0705	-0.0609
0.2645	1.6862	8.5261	-0.1921	-0.0746	-0.2383
-0.0324	-0.0215	-0.1921	0.0406	0.0039	0.0105
0.0258	-0.0705	-0.0746	0.0039	0.0234	0.0098
0.0809	-0.0609	-0.2383	0.0105	0.0098	0.0265
-0.32	-0.34333	3.26667	-2.09	5.31	30.27333
CAGC
2.0006	0.4642	0.4744	-0.0395	0.0208	0.0975
0.4642	2.6613	1.315	0.0256	-0.02	-0.1237
0.4744	1.315	9.68	-0.2165	0.0061	-0.2083
-0.0395	0.0256	-0.2165	0.0468	3e-04	0.0086
0.0208	-0.02	0.0061	3e-04	0.0194	0.0088
0.0975	-0.1237	-0.2083	0.0086	0.0088	0.0394
-0.64667	-0.25333	3.34333	-3.43333	0.75	35.79
CAGG
1.7496	0.475	0.3241	-0.0336	0.0247	0.0943
0.475	2.583	1.6435	-0.0055	-0.025	-0.1178
0.3241	1.6435	9.7475	-0.2337	0.0066	-0.2308
-0.0336	-0.0055	-0.2337	0.048	6e-04	0.0109
0.0247	-0.025	0.0066	6e-04	0.0199	0.0092
0.0943	-0.1178	-0.2308	0.0109	0.0092	0.0391
-0.52667	-0.3	3.32333	-3.40333	1.49	34.85667
CAGT
1.7991	0.4261	0.4527	-0.0418	0.0088	0.1108
0.4261	3.241	1.5514	0.0079	-0.0261	-0.2055
0.4527	1.5514	9.1835	-0.2117	-0.0181	-0.2138
-0.0418	0.0079	-0.2117	0.0476	0.0022	0.0092
0.0088	-0.0261	-0.0181	0.0022	0.0207	0.0093
0.1108	-0.2055	-0.2138	0.0092	0.0093	0.0522
-0.76333	-0.29667	3.42667	-4.08667	1.04	37.02667
CATA
1.1801	-0.0493	0.0027	0.031	0.0072	-0.0106
-0.0493	4.1532	2.8338	-0.0127	-0.0538	-0.1004
0.0027	2.8338	9.8747	-0.0011	0.0503	-0.1611
0.031	-0.0127	-0.0011	0.0393	2e-04	1e-04
0.0072	-0.0538	0.0503	2e-04	0.0273	0.0127
-0.0106	-0.1004	-0.1611	1e-04	0.0127	0.0413
0	-0.77	3.22	-0.33667	0.32667	29.53
CATC
1.3954	0.3276	0.1923	0.0256	-0.0163	0.0135
0.3276	4.5901	3.0264	0.0056	-0.0662	-0.1139
0.1923	3.0264	10.3591	0.0114	0.0466	-0.1723
0.0256	0.0056	0.0114	0.0407	-2e-04	0.0018
-0.0163	-0.0662	0.0466	-2e-04	0.0289	0.014
0.0135	-0.1139	-0.1723	0.0018	0.014	0.0439
0.01333	-0.76333	3.21667	-0.41333	-0.11667	29.49
CATG
1.1427	0.0105	0.0042	0.0315	-0.0011	-0.0041
0.0105	4.1782	2.9353	0.0019	-0.0572	-0.1193
0.0042	2.9353	9.84	-0.0028	0.0306	-0.2049
0.0315	0.0019	-0.0028	0.0392	-5e-04	-8e-04
-0.0011	-0.0572	0.0306	-5e-04	0.0271	0.0115
-0.0041	-0.1193	-0.2049	-8e-04	0.0115	0.0364
-0.01667	-0.75	3.24667	0.00333	0.82333	29.65333
CATT
1.445	-0.2958	-0.1023	0.0197	0.0317	-0.0197
-0.2958	4.4634	2.7624	-0.0258	-0.0353	-0.164
-0.1023	2.7624	10.3881	-0.0063	0.0673	-0.1797
0.0197	-0.0258	-0.0063	0.0426	5e-04	2e-04
0.0317	-0.0353	0.0673	5e-04	0.0277	0.0134
-0.0197	-0.164	-0.1797	2e-04	0.0134	0.0495
-0.11	-0.8	3.27	-0.92	-1.01	30.79
CCAA
1.9661	-0.2571	0.1826	-0.0123	0.0192	-0.0177
-0.2571	2.4103	0.8951	0.0135	-0.0044	-0.0475
0.1826	0.8951	8.4023	-0.0186	-0.1611	-0.2441
-0.0123	0.0135	-0.0186	0.0306	0.0011	0.0013
0.0192	-0.0044	-0.1611	0.0011	0.0244	0.0088
-0.0177	-0.0475	-0.2441	0.0013	0.0088	0.0216
-0.09	-0.13	2.94667	1.97333	10.83333	22.87
CCAC
1.2486	0.1317	0.2867	-0.0183	0.0096	1e-04
0.1317	2.5948	0.6789	0.0139	0.0158	-0.0485
0.2867	0.6789	8.8277	0.013	-0.1593	-0.2416
-0.0183	0.0139	0.013	0.0295	-0.0013	4e-04
0.0096	0.0158	-0.1593	-0.0013	0.0223	0.0085
1e-04	-0.0485	-0.2416	4e-04	0.0085	0.0176
-0.2	-0.18	2.93333	0.22	9.71333	25.51333
CCAG
1.4048	0.0465	0.2366	-0.0231	0.0118	-0.01
0.0465	2.1694	0.4745	-0.0016	0.016	-0.0378
0.2366	0.4745	8.5879	0.0059	-0.1652	-0.2482
-0.0231	-0.0016	0.0059	0.0294	-8e-04	8e-04
0.0118	0.016	-0.1652	-8e-04	0.0245	0.0093
-0.01	-0.0378	-0.2482	8e-04	0.0093	0.0183
-0.04	-0.1	2.89667	0.37333	9.45	24.26667
CCAT
1.1169	0.1618	0.1415	-0.0483	-0.0029	-0.0275
0.1618	1.9111	0.9385	0.0052	-8e-04	-0.0843
0.1415	0.9385	7.1092	0.0255	-0.1013	-0.207
-0.0483	0.0052	0.0255	0.0269	-0.0015	0.001
-0.0029	-8e-04	-0.1013	-0.0015	0.019	0.0095
-0.0275	-0.0843	-0.207	0.001	0.0095	0.0222
-0.28333	-0.16	3.18333	-0.05667	9.68333	32.16333
CCCA
1.836	-0.5235	-0.4303	-0.0994	-0.002	-0.0448
-0.5235	2.3586	1.3761	-0.024	-0.0064	-0.1829
-0.4303	1.3761	10.0059	0.324	0.0231	-0.1814
-0.0994	-0.024	0.324	0.0539	0.0052	-0.0019
-0.002	-0.0064	0.0231	0.0052	0.0223	0.0078
-0.0448	-0.1829	-0.1814	-0.0019	0.0078	0.043
0.32333	-0.56333	3.46667	0.75667	4.02667	34.39333
CCCC
1.6815	-0.1505	-0.0378	-0.0595	0.0014	-0.0273
-0.1505	2.5089	1.9984	-0.0082	-0.0376	-0.1786
-0.0378	1.9984	8.7768	0.2138	-0.0307	-0.2099
-0.0595	-0.0082	0.2138	0.0434	0.0021	-4e-04
0.0014	-0.0376	-0.0307	0.0021	0.0224	0.0083
-0.0273	-0.1786	-0.2099	-4e-04	0.0083	0.0395
-0.05091	-1.12727	3.36909	-0.21364	6.03182	30.21455
CCCG
1.7021	-0.3856	-0.5305	-0.1028	-0.0108	-0.06
-0.3856	2.1799	1.3261	-0.019	-0.0032	-0.1392
-0.5305	1.3261	10.5562	0.3653	0.0374	-0.1683
-0.1028	-0.019	0.3653	0.0562	0.0053	-9e-04
-0.0108	-0.0032	0.0374	0.0053	0.0223	0.007
-0.06	-0.1392	-0.1683	-9e-04	0.007	0.0352
0.34667	-0.38333	3.47667	1.07	3.24667	34.53333
CCCT
1.5463	-0.1848	-0.4885	-0.1011	-0.013	-0.0387
-0.1848	1.9023	1.768	0.0084	-0.0262	-0.1467
-0.4885	1.768	8.9995	0.2693	-0.0104	-0.2029
-0.1011	0.0084	0.2693	0.0458	0.003	-0.0019
-0.013	-0.0262	-0.0104	0.003	0.0211	0.0087
-0.0387	-0.1467	-0.2029	-0.0019	0.0087	0.036
-0.00333	-0.91	3.45667	-0.71	5.70667	32.39667
CCGA
1.9164	-0.1657	-0.1371	-0.0541	-9e-04	-0.0202
-0.1657	3.1047	-0.3089	0.0041	0.0055	-0.0651
-0.1371	-0.3089	9.5762	-0.005	-0.1801	-0.2542
-0.0541	0.0041	-0.005	0.0304	0.0011	4e-04
-9e-04	0.0055	-0.1801	0.0011	0.0277	0.0087
-0.0202	-0.0651	-0.2542	4e-04	0.0087	0.0224
0.03333	-0.07333	2.81667	1.49	10.17667	21.21667
CCGC
1.6291	0.087	-0.1189	-0.0687	0.0033	0.0117
0.087	3.1699	-0.0139	0.0151	0.0116	-0.0611
-0.1189	-0.0139	8.9684	0.0042	-0.1293	-0.2641
-0.0687	0.0151	0.0042	0.0312	6e-04	0
0.0033	0.0116	-0.1293	6e-04	0.0235	0.008
0.0117	-0.0611	-0.2641	0	0.008	0.0188
-0.03667	-0.12	2.83667	-0.15667	8.79333	24.04
CCGG
1.6413	-0.0313	0.0143	-0.0646	-0.0032	-0.0048
-0.0313	2.9854	0.1502	-0.0018	0.0035	-0.068
0.0143	0.1502	9.4137	0.0011	-0.1519	-0.2612
-0.0646	-0.0018	0.0011	0.0302	-2e-04	-2e-04
-0.0032	0.0035	-0.1519	-2e-04	0.0253	0.0075
-0.0048	-0.068	-0.2612	-2e-04	0.0075	0.0191
0.01333	-0.06	2.80333	0.06333	8.84667	23.59
CCGT
1.2857	-0.1123	-0.0336	-0.1024	0.015	0.0026
-0.1123	2.1284	1.0369	-0.0133	0.0032	-0.0721
-0.0336	1.0369	6.7527	-0.0274	-0.0879	-0.2365
-0.1024	-0.0133	-0.0274	0.029	5e-04	6e-04
0.015	0.0032	-0.0879	5e-04	0.0177	0.007
0.0026	-0.0721	-0.2365	6e-04	0.007	0.0177
-0.05	-0.02333	3.19667	-0.47333	8.86667	32.77
CCTA
1.6029	0.4271	0.079	-0.0255	0.0246	0.0896
0.4271	2.3631	1.5356	0.0138	-0.0337	-0.0987
0.079	1.5356	8.7816	-0.1791	-0.0222	-0.2201
-0.0255	0.0138	-0.1791	0.0423	0.0024	0.0089
0.0246	-0.0337	-0.0222	0.0024	0.0198	0.0087
0.0896	-0.0987	-0.2201	0.0089	0.0087	0.0353
0.49333	-0.46	3.30333	2.8	2.84	33.62667
CCTC
1.441	-0.0554	-0.0121	-0.0214	0.0447	0.0706
-0.0554	2.2319	1.7016	-0.0103	-0.0741	-0.123
-0.0121	1.7016	7.9617	-0.1722	-0.0543	-0.2124
-0.0214	-0.0103	-0.1722	0.0412	0.0035	0.0081
0.0447	-0.0741	-0.0543	0.0035	0.0237	0.0091
0.0706	-0.123	-0.2124	0.0081	0.0091	0.0352
0.09	-0.73	3.28333	1.95	3.77	30.69
CCTG
1.7496	0.475	0.3241	-0.0336	0.0247	0.0943
0.475	2.583	1.6435	-0.0055	-0.025	-0.1178
0.3241	1.6435	9.7475	-0.2337	0.0066	-0.2308
-0.0336	-0.0055	-0.2337	0.048	6e-04	0.0109
0.0247	-0.025	0.0066	6e-04	0.0199	0.0092
0.0943	-0.1178	-0.2308	0.0109	0.0092	0.0391
0.52667	-0.3	3.32333	3.40333	1.49	34.85667
CCTT
1.7491	0.1235	0.2495	-0.0461	0.0478	0.0779
0.1235	2.4935	1.7266	-0.014	-0.0672	-0.1493
0.2495	1.7266	7.8143	-0.1903	-0.0648	-0.2115
-0.0461	-0.014	-0.1903	0.0423	0.0043	0.0096
0.0478	-0.0672	-0.0648	0.0043	0.0223	0.0085
0.0779	-0.1493	-0.2115	0.0096	0.0085	0.0409
0.17667	-0.82667	3.39667	2.19667	3.93667	33.26333
CGAA
1.6726	0.376	0.8442	-0.0784	-0.0031	0.0143
0.376	2.0139	1.2672	0.0024	-0.0422	-0.1033
0.8442	1.2672	9.5469	-0.3353	-0.0055	-0.2156
-0.0784	0.0024	-0.3353	0.0455	-0.0048	0.0033
-0.0031	-0.0422	-0.0055	-0.0048	0.0242	0.012
0.0143	-0.1033	-0.2156	0.0033	0.012	0.0239
-0.51667	0.05333	3.39667	-0.92667	2.21	35.36
CGAC
2.1688	0.2792	0.7764	-0.0693	-0.0081	-0.0188
0.2792	3.4846	0.7901	0.0488	-0.0761	-0.2045
0.7764	0.7901	11.6606	-0.4099	0.0165	-0.1282
-0.0693	0.0488	-0.4099	0.0539	-0.0065	-9e-04
-0.0081	-0.0761	0.0165	-0.0065	0.025	0.0115
-0.0188	-0.2045	-0.1282	-9e-04	0.0115	0.0509
-0.75	0.26333	3.40667	-2.62333	0.00667	39.74333
CGAG
1.536	0.3983	0.774	-0.0779	-0.0096	0.0117
0.3983	2.3609	0.9287	0.0183	-0.0459	-0.1441
0.774	0.9287	10.4616	-0.3525	0.0143	-0.1963
-0.0779	0.0183	-0.3525	0.0487	-0.0058	0.0029
-0.0096	-0.0459	0.0143	-0.0058	0.024	0.0118
0.0117	-0.1441	-0.1963	0.0029	0.0118	0.0318
-0.49333	0.09333	3.38	-2.28667	1.06333	36.67333
CGAT
1.8036	0.4874	0.6342	-0.0571	-0.0257	0.004
0.4874	2.8446	1.0103	0.0471	-0.0585	-0.2085
0.6342	1.0103	10.1227	-0.3641	-0.0062	-0.161
-0.0571	0.0471	-0.3641	0.0507	-0.0054	-5e-04
-0.0257	-0.0585	-0.0062	-0.0054	0.0242	0.0116
0.004	-0.2085	-0.161	-5e-04	0.0116	0.0465
-0.68	0.058	3.48	-2.368	1.344	38.796
CGCA
1.4959	-0.138	0.0138	-0.1013	0.0056	-0.004
-0.138	2.6481	2.3302	-0.0082	0.0656	-0.0875
0.0138	2.3302	10.0557	-0.0026	0.1423	-0.2237
-0.1013	-0.0082	-0.0026	0.041	7e-04	2e-04
0.0056	0.0656	0.1423	7e-04	0.023	0.0069
-0.004	-0.0875	-0.2237	2e-04	0.0069	0.0274
0.11333	-0.39667	3.39333	0.68333	-0.64	33.77333
CGCC
1.7489	0.358	0.3325	-0.0934	-0.0075	-0.0146
0.358	3.6977	2.7137	-0.0158	0.0648	-0.1758
0.3325	2.7137	11.4119	-0.0991	0.1623	-0.2164
-0.0934	-0.0158	-0.0991	0.0446	-0.0015	-3e-04
-0.0075	0.0648	0.1623	-0.0015	0.0248	0.0045
-0.0146	-0.1758	-0.2164	-3e-04	0.0045	0.0435
-0.305	-0.33	3.38	0.165	-1.1	35.63
CGCG
1.4112	0.0102	-0.0324	-0.1118	0.0056	0.0022
0.0102	3.4939	2.0839	0.0054	0.0974	-0.1999
-0.0324	2.0839	10.3167	-0.0021	0.172	-0.2479
-0.1118	0.0054	-0.0021	0.0465	-3e-04	-8e-04
0.0056	0.0974	0.172	-3e-04	0.0241	0.005
0.0022	-0.1999	-0.2479	-8e-04	0.005	0.0413
-0.03333	-0.04667	3.525	-0.215	-4.23	36.965
CGCT
1.753	-0.3931	-0.1215	-0.096	0.0171	0.0136
-0.3931	3.2182	2.2506	-3e-04	0.0653	-0.1636
-0.1215	2.2506	10.8468	0.0726	0.1419	-0.2193
-0.096	-3e-04	0.0726	0.0454	4e-04	1e-04
0.0171	0.0653	0.1419	4e-04	0.0235	0.0057
0.0136	-0.1636	-0.2193	1e-04	0.0057	0.0415
-0.30667	-0.45333	3.48667	-1.17	-1.51667	35.94333
CGGA
1.4154	-0.2565	-0.4857	-0.1153	-0.0176	-0.0432
-0.2565	1.3951	1.7734	0.0168	-0.0201	-0.0631
-0.4857	1.7734	9.3581	0.2976	-0.0425	-0.2361
-0.1153	0.0168	0.2976	0.0484	0.0024	-0.0034
-0.0176	-0.0201	-0.0425	0.0024	0.0227	0.0099
-0.0432	-0.0631	-0.2361	-0.0034	0.0099	0.0228
-0.16333	-0.41333	3.43	0.44667	6.25333	30.95333
CGGC
1.8752	-0.4581	-0.6427	-0.1155	-0.0055	-0.0471
-0.4581	2.4458	1.2937	-0.0348	-0.0103	-0.1733
-0.6427	1.2937	10.8294	0.3698	0.0205	-0.1951
-0.1155	-0.0348	0.3698	0.0584	0.0046	-0.002
-0.0055	-0.0103	0.0205	0.0046	0.0226	0.0082
-0.0471	-0.1733	-0.1951	-0.002	0.0082	0.042
-0.60167	-0.245	3.49667	-1.46	2.45833	36.36
CGGG
1.7021	-0.3856	-0.5305	-0.1028	-0.0108	-0.06
-0.3856	2.1799	1.3261	-0.019	-0.0032	-0.1392
-0.5305	1.3261	10.5562	0.3653	0.0374	-0.1683
-0.1028	-0.019	0.3653	0.0562	0.0053	-9e-04
-0.0108	-0.0032	0.0374	0.0053	0.0223	0.007
-0.06	-0.1392	-0.1683	-9e-04	0.007	0.0352
-0.34667	-0.38333	3.47667	-1.07	3.24667	34.53333
CGGT
1.8685	-0.5272	-0.3961	-0.0945	0.0086	-0.0291
-0.5272	2.5572	1.1572	-0.0566	-0.0103	-0.2249
-0.3961	1.1572	10.1684	0.3471	0.0048	-0.1535
-0.0945	-0.0566	0.3471	0.0561	0.0039	0.0018
0.0086	-0.0103	0.0048	0.0039	0.0233	0.0089
-0.0291	-0.2249	-0.1535	0.0018	0.0089	0.0505
-0.58333	-0.33333	3.6	-1.23333	3.17	37.33
CGTA
1.1999	0.0973	0.3375	-0.018	-0.0091	0.0302
0.0973	3.3925	2.6405	-0.0019	0.0147	-0.0906
0.3375	2.6405	9.6296	0.0619	0.0775	-0.2117
-0.018	-0.0019	0.0619	0.0373	0.0039	0.0056
-0.0091	0.0147	0.0775	0.0039	0.0226	0.012
0.0302	-0.0906	-0.2117	0.0056	0.012	0.035
-0.09	-0.53	3.27	0.16333	0.25333	30.35
CGTC
1.3103	-0.3754	0.0683	-0.0294	0.0297	0.0117
-0.3754	3.8466	2.6751	-0.0257	0.0124	-0.1306
0.0683	2.6751	9.6904	0.0398	0.0753	-0.225
-0.0294	-0.0257	0.0398	0.0418	0.0044	0.0045
0.0297	0.0124	0.0753	0.0044	0.0251	0.0124
0.0117	-0.1306	-0.225	0.0045	0.0124	0.0398
-0.38333	-0.61667	3.36667	0.09333	-0.57667	31.46333
CGTG
1.0407	0.1079	0.3552	-0.0324	0.0029	0.0225
0.1079	3.439	2.6309	-0.0099	0.0269	-0.0904
0.3552	2.6309	9.8363	0.0612	0.0779	-0.2237
-0.0324	-0.0099	0.0612	0.0394	0.0042	0.0053
0.0029	0.0269	0.0779	0.0042	0.0232	0.0123
0.0225	-0.0904	-0.2237	0.0053	0.0123	0.0333
-0.06	-0.48	3.29667	0.75667	0.19	30.76
CGTT
1.3514	-0.2771	0.096	-0.0264	0.0286	0.0182
-0.2771	3.5847	2.536	-0.0289	0.03	-0.1852
0.096	2.536	9.5629	0.0845	0.0808	-0.2217
-0.0264	-0.0289	0.0845	0.0427	0.0042	0.0049
0.0286	0.03	0.0808	0.0042	0.0243	0.0107
0.0182	-0.1852	-0.2217	0.0049	0.0107	0.048
-0.36	-0.725	3.45	0.275	-0.96	32.77
CTAA
0.8272	0.0048	-0.1353	-0.0109	-0.0022	0.0011
0.0048	1.5029	0.7059	0.0173	0.0192	-0.026
-0.1353	0.7059	7.6342	0.0092	-0.1432	-0.2385
-0.0109	0.0173	0.0092	0.0248	4e-04	4e-04
-0.0022	0.0192	-0.1432	4e-04	0.0215	0.0132
0.0011	-0.026	-0.2385	4e-04	0.0132	0.021
-0.24667	-0.19	3.04	1.67	11.2	24.76333
CTAC
0.5988	0.1245	-0.178	-0.007	0.0066	0.0028
0.1245	1.7662	0.6948	0.0125	0.0141	-0.0664
-0.178	0.6948	8.1108	0.0114	-0.1394	-0.239
-0.007	0.0125	0.0114	0.0234	0	-4e-04
0.0066	0.0141	-0.1394	0	0.0206	0.0124
0.0028	-0.0664	-0.239	-4e-04	0.0124	0.0213
-0.23333	-0.10333	3.02333	-0.12	8.23667	28.84667
CTAG
0.6614	0.0039	0.0088	-0.0087	-0.0012	-1e-04
0.0039	1.406	0.2815	-0.0015	0.0295	-0.0336
0.0088	0.2815	8.3956	-2e-04	-0.1586	-0.2422
-0.0087	-0.0015	-2e-04	0.0244	-2e-04	2e-04
-0.0012	0.0295	-0.1586	-2e-04	0.0226	0.0132
-1e-04	-0.0336	-0.2422	2e-04	0.0132	0.0203
0.05	-0.06	2.95333	-0.12333	9.28	25.94
CTAT
0.8104	-0.1471	0.1875	-0.0087	0.0103	0.0152
-0.1471	1.4644	0.8749	-0.0171	-0.003	-0.0859
0.1875	0.8749	6.6343	-0.0101	-0.0986	-0.2115
-0.0087	-0.0171	-0.0101	0.0234	2e-04	0.0015
0.0103	-0.003	-0.0986	2e-04	0.0172	0.0128
0.0152	-0.0859	-0.2115	0.0015	0.0128	0.0272
-0.18	-0.29	3.255	-0.34	9.06	32.51
CTCA
1.648	0.428	0.7098	-0.0754	-0.0075	0.0147
0.428	2.5355	0.8418	0.0192	-0.0412	-0.1571
0.7098	0.8418	10.4847	-0.3597	0.0293	-0.1548
-0.0754	0.0192	-0.3597	0.0499	-0.0063	0.0024
-0.0075	-0.0412	0.0293	-0.0063	0.0235	0.0103
0.0147	-0.1571	-0.1548	0.0024	0.0103	0.0362
0.5	0.03667	3.38333	2.58	0.68333	37.16667
CTCC
1.2215	0.3535	0.4961	-0.0456	0.0012	0.0142
0.3535	2.0142	1.4893	0.0099	-0.0395	-0.1391
0.4961	1.4893	9.1271	-0.2095	-0.0203	-0.1839
-0.0456	0.0099	-0.2095	0.0374	-0.0034	0.0019
0.0012	-0.0395	-0.0203	-0.0034	0.0217	0.0109
0.0142	-0.1391	-0.1839	0.0019	0.0109	0.0307
0.155	-0.375	3.2	1.96	3.225	33.2
CTCG
1.536	0.3983	0.774	-0.0779	-0.0096	0.0117
0.3983	2.3609	0.9287	0.0183	-0.0459	-0.1441
0.774	0.9287	10.4616	-0.3525	0.0143	-0.1963
-0.0779	0.0183	-0.3525	0.0487	-0.0058	0.0029
-0.0096	-0.0459	0.0143	-0.0058	0.024	0.0118
0.0117	-0.1441	-0.1963	0.0029	0.0118	0.0318
0.49333	0.09333	3.38	2.28667	1.06333	36.67333
CTCT
1.3625	0.3571	0.6765	-0.0651	0.0223	0.0133
0.3571	2.038	1.1326	-0.0133	-0.0262	-0.173
0.6765	1.1326	9.2677	-0.2785	-0.0085	-0.1842
-0.0651	-0.0133	-0.2785	0.0411	-0.0041	0.0033
0.0223	-0.0262	-0.0085	-0.0041	0.0204	0.0117
0.0133	-0.173	-0.1842	0.0033	0.0117	0.0372
0.18333	-0.28	3.34333	0.94	2.11333	35.69
CTGA
1.3656	0.133	0.5024	-0.0216	-9e-04	0.0104
0.133	2.2416	0.3356	9e-04	0.0123	-0.0315
0.5024	0.3356	8.747	0.0237	-0.192	-0.2426
-0.0216	9e-04	0.0237	0.0295	-0.0022	5e-04
-9e-04	0.0123	-0.192	-0.0022	0.0271	0.0107
0.0104	-0.0315	-0.2426	5e-04	0.0107	0.0201
0.05667	-0.06667	2.92667	1.21333	11.28333	22.18667
CTGC
1.261	1e-04	0.4406	-0.0286	0.0068	-0.0189
1e-04	2.5593	0.5924	-0.0128	0.0086	-0.0549
0.4406	0.5924	8.6409	-0.0086	-0.1559	-0.264
-0.0286	-0.0128	-0.0086	0.0292	-0.0015	6e-04
0.0068	0.0086	-0.1559	-0.0015	0.0244	0.0107
-0.0189	-0.0549	-0.264	6e-04	0.0107	0.0189
0.01667	-0.15	2.92667	-0.29	9.47667	25.05
CTGG
1.4048	0.0465	0.2366	-0.0231	0.0118	-0.01
0.0465	2.1694	0.4745	-0.0016	0.016	-0.0378
0.2366	0.4745	8.5879	0.0059	-0.1652	-0.2482
-0.0231	-0.0016	0.0059	0.0294	-8e-04	8e-04
0.0118	0.016	-0.1652	-8e-04	0.0245	0.0093
-0.01	-0.0378	-0.2482	8e-04	0.0093	0.0183
0.04	-0.1	2.89667	-0.37333	9.45	24.26667
CTGT
1.0528	-0.027	0.2355	-0.0476	0.0202	-0.0097
-0.027	1.5612	0.9162	-0.0178	0.0032	-0.0614
0.2355	0.9162	6.5602	-0.0149	-0.1067	-0.2162
-0.0476	-0.0178	-0.0149	0.0263	-2e-04	0.0012
0.0202	0.0032	-0.1067	-2e-04	0.019	0.0098
-0.0097	-0.0614	-0.2162	0.0012	0.0098	0.0189
0.03	-0.18	3.27333	-0.58333	9.58333	32.45667
CTTA
1.8506	0.5665	0.2808	-0.0083	-0.0021	0.0731
0.5665	3.2634	0.9153	0.008	-0.0631	-0.1794
0.2808	0.9153	9.6355	-0.2383	-0.0068	-0.2002
-0.0083	0.008	-0.2383	0.0448	-2e-04	0.0086
-0.0021	-0.0631	-0.0068	-2e-04	0.0211	0.0091
0.0731	-0.1794	-0.2002	0.0086	0.0091	0.0405
0.38333	-0.24333	3.27333	3.14	-0.14333	34.33333
CTTC
1.7658	0.3194	0.3044	-0.0163	0.0133	0.0548
0.3194	2.5061	1.1242	-0.0137	-0.0972	-0.1259
0.3044	1.1242	9.2346	-0.2361	-0.055	-0.1972
-0.0163	-0.0137	-0.2361	0.0432	2e-04	0.0072
0.0133	-0.0972	-0.055	2e-04	0.0238	0.0125
0.0548	-0.1259	-0.1972	0.0072	0.0125	0.0335
0.1	-0.39	3.22667	2.7	1.41667	33.09
CTTG
2.2201	0.5903	0.5383	-0.0271	-0.0045	0.0706
0.5903	4.1864	0.9787	-0.0326	-0.0635	-0.2545
0.5383	0.9787	11.3431	-0.3194	0.0244	-0.2322
-0.0271	-0.0326	-0.3194	0.0532	-0.0014	0.0121
-0.0045	-0.0635	0.0244	-0.0014	0.0218	0.0103
0.0706	-0.2545	-0.2322	0.0121	0.0103	0.0559
0.60333	0.05	3.31667	3.80667	-1.19667	37.59
CTTT
2.1438	0.4036	0.6392	-0.0184	0.0298	0.0564
0.4036	3.049	1.1015	-0.0076	-0.0952	-0.2159
0.6392	1.1015	9.2469	-0.2313	-0.0636	-0.198
-0.0184	-0.0076	-0.2313	0.0428	8e-04	0.0096
0.0298	-0.0952	-0.0636	8e-04	0.0234	0.0133
0.0564	-0.2159	-0.198	0.0096	0.0133	0.0479
0.125	-0.535	3.245	2.26	0.385	34.285
GAAA
2.1633	0.1246	0.2899	-0.0103	0.0092	0.06
0.1246	2.517	1.1884	0.0155	-0.1089	-0.1265
0.2899	1.1884	8.8289	-0.2293	-0.0707	-0.205
-0.0103	0.0155	-0.2293	0.0427	0.0012	0.0066
0.0092	-0.1089	-0.0707	0.0012	0.0255	0.0127
0.06	-0.1265	-0.205	0.0066	0.0127	0.032
-0.10333	-0.52333	3.26	-1.12333	1.07	32.35333
GAAC
1.8584	0.436	0.3032	-0.0207	0.0232	0.0441
0.436	3.2135	1.457	-0.0188	-0.0697	-0.1772
